50 170
8 43 2
36 30 5
36 16 1
15 40 3
36 45 2
44 41 1
40 11 5
31 27 1
2 15 1
41 15 4
31 13 4
9 19 3
29 21 1
17 9 2
13 49 2
12 25 2
11 16 3
38 23 5
46 39 1
41 11 4
38 32 3
32 13 1
26 29 3
3 2 4
17 6 1
7 37 2
12 30 5
20 25 4
25 36 4
33 2 1
38 42 4
22 26 5
3 14 1
40 13 2
33 13 2
25 37 2
47 49 3
29 11 4
11 25 5
36 14 3
34 30 4
1 24 4
28 1 5
14 4 2
33 49 1
36 46 4
33 40 1
50 7 2
19 18 4
25 42 4
15 35 4
17 12 1
18 14 2
36 18 5
31 30 3
1 49 1
11 15 5
3 40 5
8 36 5
15 23 3
33 24 5
36 4 1
37 13 4
4 8 2
36 20 4
21 49 1
47 28 2
35 29 1
1 23 5
12 49 3
33 44 4
35 22 5
7 29 3
4 3 1
6 10 3
4 42 5
27 26 2
28 9 1
27 18 3
30 45 4
31 32 4
47 26 2
13 42 4
22 14 2
50 31 3
27 20 1
14 41 5
30 7 2
47 9 1
42 7 5
1 18 5
47 11 1
28 44 2
42 34 1
2 43 2
50 45 2
20 41 1
26 37 5
34 48 2
9 1 5
26 50 2
12 36 2
17 34 2
46 37 5
42 45 1
10 47 4
24 34 5
49 38 5
1 50 4
16 19 3
18 6 5
4 45 5
23 8 2
46 33 4
36 6 2
50 2 4
24 39 5
42 35 3
14 44 4
41 40 3
33 50 2
45 6 4
29 12 3
27 2 3
20 32 2
49 4 3
31 43 2
7 15 1
2 49 1
45 43 3
32 3 1
7 4 4
38 45 5
27 42 5
28 21 1
2 46 1
1 29 1
14 17 2
10 11 4
15 45 5
6 25 5
25 47 1
43 34 5
34 11 1
13 3 1
13 21 2
38 46 3
9 27 3
19 7 5
18 49 3
26 43 3
38 11 3
30 17 1
38 20 4
23 12 2
34 4 5
27 50 4
37 22 4
9 12 1
50 29 4
36 44 4
38 25 2
36 34 4
24 38 4
29 10 2
44 5 5
3 38 1
41 12 5
25 28 5
7 25 2
