100
1 
2
3
4
5
6
6
7
8
9
10
100000000
1000000000
200000000
2000000000
10
100000000
1000000000
200000000
2000000000
10
100000000
1000000000
200000000
2000000000
10
100000000
1000000000
200000000
2000000000
10
100000000
1000000000
200000000
2000000000
10
100000000
1000000000
200000000
2000000000
10
100000000
1000000000
200000000
2000000000
10
100000000
1000000000
200000000
2000000000
10
100000000
1000000000
200000000
2000000000
10
100000000
1000000000
200000000
2000000000
10
100000000
1000000000
200000000
2000000000
10
100000000
1000000000
200000000
2000000000
10
100000000
1000000000
200000000
2000000000
10
100000000
1000000000
200000000
2000000000
10
100000000
1000000000
200000000
2000000000
10
100000000
1000000000
200000000
2000000000
10
100000000
1000000000
200000000
2000000000
10
100000000
1000000000
200000000
2000000000
10
100000000
1000000000
200000000
2000000000
10
100000000
1000000000
200000000
2000000000
10
100000000
1000000000
200000000
2000000000
10
100000000
1000000000
200000000
2000000000
10
100000000
1000000000
200000000
2000000000
10
100000000
1000000000
200000000
2000000000
10
100000000
1000000000
200000000
2000000000
10
100000000
1000000000
200000000
2000000000
10
100000000
1000000000
200000000
2000000000
10
100000000
1000000000
200000000
2000000000
10
100000000
1000000000
200000000
2000000000
10
2000000000
10
100000000
1000000000
200000000
2000000000
10
100000000
1000000000
200000000
2000000000
10
100000000
1000000000
200000000
2000000000
10
100000000
1000000000
200000000
2000000000
10
100000000
1000000000
200000000
2000000000
2000000000
10
100000000
1000000000
200000000
2000000000
10
100000000
1000000000
200000000
2000000000
10
100000000
1000000000
200000000
2000000000
10
100000000
1000000000
200000000
2000000000
10
100000000
1000000000
200000000
2000000000
2000000000
10
100000000
1000000000
200000000
2000000000
10
100000000
1000000000
200000000
2000000000
10
100000000
1000000000
200000000
2000000000
10
100000000
1000000000
200000000
2000000000
10
100000000
1000000000
200000000
2000000000
100000000
1000000000
200000000
2000000000
10
100000000
1000000000
200000000
2000000000
10
100000000
1000000000
200000000
2000000000
10
100000000
1000000000
200000000
2000000000
10
100000000
1000000000
200000000
2000000000
10
100000000
1000000000
200000000
2000000000
10
100000000
1000000000
200000000
2000000000
10
100000000
1000000000
200000000
2000000000
10
100000000
1000000000
200000000
2000000000
10
100000000
1000000000
200000000
2000000000
10
100000000
1000000000
200000000
2000000000
10
100000000
1000000000
200000000
2000000000
10
100000000
1000000000
200000000
2000000000
10
100000000
1000000000
200000000
2000000000
10
100000000
1000000000
200000000
2000000000
10
100000000
1000000000
200000000
2000000000
10
100000000
1000000000
200000000
2000000000
10
100000000
1000000000
200000000
2000000000
10
100000000
1000000000
200000000
2000000000
10
100000000
1000000000
200000000
2000000000
10
100000000
1000000000
200000000
2000000000
10
100000000
1000000000
200000000
2000000000
10
100000000
1000000000
200000000
2000000000
10
100000000
1000000000
200000000
2000000000
10
100000000
1000000000
200000000
2000000000
10
100000000
1000000000
200000000
2000000000
10
100000000
1000000000
200000000
2000000000
10
100000000
1000000000
200000000
2000000000
10
100000000
1000000000
200000000
2000000000
10
100000000
1000000000
200000000
2000000000
10
100000000
1000000000
200000000
2000000000
