7 2
0 1 0 0 0 1 0
0 0 1 0 1 1 1
1 0 0 1 1 0 0
1 1 0 0 0 1 0
1 0 0 1 0 0 1
0 0 1 0 1 0 0
1 0 1 1 0 1 0

15 1
0 1 1 1 1 1 1 1 1 1 1 1 1 1 1
0 0 1 1 1 1 1 1 1 1 1 1 1 1 1 
0 0 0 1 1 1 1 1 1 1 1 1 1 1 1 
0 0 0 0 1 1 1 1 1 1 1 1 1 1 1 
0 0 0 0 0 1 1 1 1 1 1 1 1 1 1 
0 0 0 0 0 0 1 1 1 1 1 1 1 1 1 
0 0 0 0 0 0 0 1 1 1 1 1 1 1 1 
0 0 0 0 0 0 0 0 1 1 1 1 1 1 1 
0 0 0 0 0 0 0 0 0 1 1 1 1 1 1 
0 0 0 0 0 0 0 0 0 0 1 1 1 1 1 
0 0 0 0 0 0 0 0 0 0 0 1 1 1 1 
0 0 0 0 0 0 0 0 0 0 0 0 1 1 1 
0 0 0 0 0 0 0 0 0 0 0 0 0 1 1 
0 0 0 0 0 0 0 0 0 0 0 0 0 0 1 
0 0 0 0 0 0 0 0 0 0 0 0 0 0 0 

16 1
0 1 1 1 1 1 1 1 1 1 1 1 1 1 1 0
0 0 1 1 1 1 1 1 1 1 1 1 1 1 1 1 
0 0 0 1 1 1 1 1 1 1 1 1 1 1 1 1 
0 0 0 0 1 1 1 1 1 1 1 1 1 1 1 1 
0 0 0 0 0 1 1 1 1 1 1 1 1 1 1 1 
0 0 0 0 0 0 1 1 1 1 1 1 1 1 1 1 
0 0 0 0 0 0 0 1 1 1 1 1 1 1 1 1 
0 0 0 0 0 0 0 0 1 1 1 1 1 1 1 1 
0 0 0 0 0 0 0 0 0 1 1 1 1 1 1 1 
0 0 0 0 0 0 0 0 0 0 1 1 1 1 1 1 
0 0 0 0 0 0 0 0 0 0 0 1 1 1 1 1 
0 0 0 0 0 0 0 0 0 0 0 0 1 1 1 1 
0 0 0 0 0 0 0 0 0 0 0 0 0 1 1 1 
0 0 0 0 0 0 0 0 0 0 0 0 0 0 1 1 
0 0 0 0 0 0 0 0 0 0 0 0 0 0 0 1 
1 0 0 0 0 0 0 0 0 0 0 0 0 0 0 0 

6 4
0 0 0 0 0 1
1 0 1 0 1 0
1 0 0 1 1 0
1 1 0 0 1 0
1 0 0 0 0 0
0 1 1 1 1 0

13 1
0 1 1 1 1 1 1 1 1 1 1 1 1 
0 0 1 1 0 0 1 0 0 0 0 0 1 
0 0 0 1 1 1 1 1 1 0 1 0 1 
0 0 0 0 0 0 1 0 0 1 0 0 1 
0 1 0 1 0 1 0 1 0 1 0 1 1 
0 1 0 1 0 0 1 0 1 1 0 1 1 
0 0 0 0 1 0 0 0 1 1 1 0 1 
0 1 0 1 0 1 1 0 0 0 1 1 1 
0 1 0 1 1 0 0 1 0 1 1 1 0 
0 1 1 0 0 0 0 1 0 0 0 1 0 
0 1 0 1 1 1 0 0 0 1 0 0 0 
0 1 1 1 0 0 1 0 0 0 1 0 0 
0 0 0 0 0 0 0 0 1 1 1 1 0 

14 1
0 1 1 1 1 1 1 1 1 1 1 1 1 1 
0 0 1 1 0 0 1 0 0 0 0 0 1 1 
0 0 0 1 1 1 1 1 0 1 0 1 0 0 
0 0 0 0 1 0 0 1 0 0 1 1 0 1 
0 1 0 0 0 0 1 0 1 1 1 0 1 1 
0 1 0 1 1 0 0 1 1 0 1 1 1 0 
0 0 0 1 0 1 0 1 0 0 1 1 1 1 
0 1 0 0 1 0 0 0 1 1 0 0 1 0 
0 1 1 1 0 0 1 0 0 0 0 0 0 0 
0 1 0 1 0 1 1 0 1 0 0 0 0 1 
0 1 1 0 0 0 0 1 1 1 0 0 1 0 
0 1 0 0 1 0 0 1 1 1 1 0 0 0 
0 0 1 1 0 0 0 0 1 1 0 1 0 1 
0 0 1 0 0 1 0 1 1 0 1 1 0 0 

16 1
0 1 1 1 1 1 1 1 1 1 1 1 1 1 1 1 
0 0 1 1 0 0 1 0 0 0 0 0 1 1 1 1 
0 0 0 1 1 1 0 1 0 1 0 0 1 0 0 1 
0 0 0 0 0 0 1 1 0 1 0 1 0 1 1 1 
0 1 0 1 0 0 1 1 0 1 1 0 1 1 1 0 
0 1 0 1 1 0 1 0 0 1 1 1 1 1 1 0 
0 0 1 0 0 0 0 0 1 0 0 0 0 0 0 0 
0 1 0 0 0 1 1 0 0 0 1 0 1 0 0 0 
0 1 1 1 1 1 0 1 0 1 1 0 1 1 0 0 
0 1 0 0 0 0 1 1 0 0 0 0 0 0 1 0 
0 1 1 1 0 0 1 0 0 1 0 0 1 0 1 1 
0 1 1 0 1 0 1 1 1 1 1 0 0 0 0 1 
0 0 0 1 0 0 1 0 0 1 0 1 0 1 1 1 
0 0 1 0 0 0 1 1 0 1 1 1 0 0 1 0 
0 0 1 0 0 0 1 1 1 0 0 1 0 0 0 0 
0 0 0 0 1 1 1 1 1 1 0 0 0 1 1 0 


15 1
0 1 1 1 1 1 1 1 1 1 1 1 1 1 1 
0 0 1 1 0 0 1 0 0 0 0 0 1 1 1 
0 0 0 1 1 1 1 0 1 0 1 0 0 1 0 
0 0 0 0 0 1 0 0 1 1 0 1 0 1 0 
0 1 0 1 0 1 1 1 0 1 1 0 1 1 0 
0 1 0 0 0 0 1 1 1 0 1 0 0 1 1 
0 0 0 1 0 0 0 1 1 1 1 0 0 1 0 
0 1 1 1 0 0 0 0 0 0 0 0 0 0 0 
0 1 0 0 1 0 0 1 0 0 1 0 1 0 0 
0 1 1 0 0 1 0 1 1 0 0 1 1 0 1 
0 1 0 1 0 0 0 1 0 1 0 1 0 0 0 
0 1 1 0 1 1 1 1 1 0 0 0 0 0 0 
0 0 1 1 0 1 1 1 0 0 1 1 0 1 0 
0 0 0 0 0 0 0 1 1 1 1 1 0 0 0 
0 0 1 1 1 0 1 1 1 0 1 1 1 1 0 

9 1
0 1 1 1 1 1 1 1 1
0 0 1 1 1 1 1 1 1
0 0 0 1 1 1 1 1 1
0 0 0 0 1 1 1 1 1
0 0 0 0 0 1 1 1 1
0 0 0 0 0 0 1 1 1
0 0 0 0 0 0 0 1 1
0 0 0 0 0 0 0 0 1
0 0 0 0 0 0 0 0 0

2 1
0 1
0 0

3 3
0 1 0
0 0 0
1 1 0

8 6
0 0 0 0 1 0 0 0
1 0 1 1 0 0 0 0
1 0 0 0 1 0 0 0
1 0 1 0 0 1 0 1
0 1 0 1 0 0 1 0
1 1 1 0 1 0 0 1
1 1 1 1 0 1 0 0
1 1 1 0 1 0 1 0


6 4
0 0 0 0 0 1
1 0 1 0 1 0
1 0 0 1 1 0
1 1 0 0 1 0
1 0 0 0 0 0
0 1 1 1 1 0

4 1
0 0 0 1
1 0 0 1
1 1 0 0
0 0 1 0

3 1
0 1 0
0 0 0
1 1 0

3 3
0 1 1
0 0 1
0 0 0

2 1
0 0
1 0

2 1
0 1
0 0

15 3
0 1 1 0 0 1 0 0 0 0 0 1 1 1 1 
0 0 1 1 1 0 1 0 1 0 0 1 0 0 1 
0 0 0 0 0 1 1 0 1 0 1 0 1 1 1 
1 0 1 0 0 1 1 0 1 1 0 1 1 1 0 
1 0 1 1 0 1 0 0 1 1 1 1 1 1 0 
0 1 0 0 0 0 0 1 0 0 0 0 0 0 0 
1 0 0 0 1 1 0 0 0 1 0 1 0 0 0 
1 1 1 1 1 0 1 0 1 1 0 1 1 0 0 
1 0 0 0 0 1 1 0 0 0 0 0 0 1 0 
1 1 1 0 0 1 0 0 1 0 0 1 0 1 1 
1 1 0 1 0 1 1 1 1 1 0 0 0 0 1 
0 0 1 0 0 1 0 0 1 0 1 0 1 1 1 
0 1 0 0 0 1 1 0 1 1 1 0 0 1 0 
0 1 0 0 0 1 1 1 0 0 1 0 0 0 0 
0 0 0 1 1 1 1 1 1 0 0 0 1 1 0 
