0.00345
0.99727
0.92083
1.00000
0.78115
0.03329
0.89706
0.03643
0.00058
0.31275
0.05381
0.89078
0.29778
0.00000
1.00000
0.00020
0.09105
0.00062
0.58498
0.71838
0.09187
0.83519
0.98048
0.97594
0.00102
0.86043
0.20493
0.07493
0.59472
0.77027
0.05036
0.28602
0.19189
0.86889
0.00467
0.05225
1.00000
0.48722
0.62291
0.97916
0.20360
0.99762
0.00379
0.67816
0.05850
0.09704
0.09847
0.99385
0.00005
1.00000
0.98279
0.66504
0.62741
0.00172
0.00367
0.47624
0.61249
0.73544
0.69444
0.00417
0.17608
0.81267
0.00104
0.37315
0.00356
0.64750
0.61618
0.00016
0.01314
1.00000
0.43018
1.00000
0.36964
0.73868
0.98673
0.00000
1.00000
0.00275
0.98998
0.94005
0.10391
0.77711
0.23112
0.86732
0.01422
1.00000
0.99998
0.00007
0.94287
1.00000
0.93261
0.00048
1.00000
0.01099
0.99994
0.08479
0.61678
0.78462
1.00000
1.00000
0.64721
0.98274
0.99981
0.00000
0.18579
1.00000
0.00001
0.15158
1.00000
1.00000
0.43023
0.91295
0.00000
0.66428
0.07132
0.15692
0.56976
0.00003
0.23474
0.08944
0.00000
0.99992
0.00065
0.99258
0.43450
0.53958
0.00000
0.00420
0.99969
1.00000
0.03286
0.83415
0.94966
0.99992
0.29154
0.84513
0.48571
0.31060
0.10790
0.87932
0.04619
0.98994
0.99998
0.00233
0.98156
0.04627
0.99773
0.00000
0.01673
0.00000
0.00108
0.92896
0.00000
0.96542
0.00600
0.69520
1.00000
0.25655
0.00000
0.95608
0.03909
0.64932
0.87537
0.00052
0.67721
0.00000
0.98957
0.00030
0.20144
0.19382
0.38322
1.00000
0.00526
1.00000
0.00714
0.59775
1.00000
0.00000
0.96560
0.55434
1.00000
0.00000
0.39842

0.80848
1.00000
0.59855
1.00000
0.05325
0.00000
0.05512
0.70799
0.00148
1.00000
0.00000
0.23669
0.00000
0.66658
0.97653
0.04763
0.00000
1.00000
0.97122
0.00000
0.49630
0.42813
0.62958
0.00846
0.77057
0.00023
0.00626
0.10706
0.01333
0.97159
0.99995
0.00069
0.99687
0.43195
0.17261
1.00000
0.00050
0.94090
0.15349
0.00000
0.99991
0.00000
0.99793
0.08447
1.00000
0.95675
0.00000
0.06636
0.00070
0.00059
0.00017
0.87748
0.25330
0.99999
1.00000
0.96108
0.88867
0.38222
1.00000
0.68669
0.32785
0.42247
0.05905
0.01648
0.26632
0.12377
0.99994
0.99101
0.99926
0.00666
0.18058
0.84963
0.34648
0.99689
0.99967
0.54758
0.67816
0.99941
0.00000
0.99991
0.44237
0.30870
1.00000
0.91394
0.63347
0.90117
1.00000
0.00000
0.99939
0.00050
0.99952
0.99919
0.99912
0.99965
1.00000
0.19652
0.00000
0.00483
0.00030
0.03217
0.00091
0.99034
0.57544
0.54970
0.27940
0.00870
0.04831
0.69568
0.39012
0.99832
1.00000
1.00000
0.99882
0.09537
1.00000
0.95433
0.99991
0.92878
0.06697
0.00000
0.71790
0.99819
1.00000
0.99220
0.87550
0.99559
0.00099
0.00000
1.00000
0.12231
0.96592
0.71085
0.96483
0.11978
0.00000
0.05265
0.00000
0.20113
0.00141
0.31489
0.10670
1.00000
0.94379
0.26828
0.00000
0.06486
0.99972
0.00002
0.52097
1.00000
0.00000
0.03495
0.70962
0.00067
0.99939
0.33612
0.00057
0.83651
0.00069
0.95226
1.00000
0.00989
0.01366
0.38794
0.00044
0.00081
0.81624
0.38224
0.06797
0.99855
0.00000
0.99525
0.00003
0.01079
0.94639
0.15202
0.24295
0.92963
0.88216
0.99829
0.00894
0.00909
0.83328
0.05481
0.75651
0.41253
0.00004
0.99841
0.00000
1.00000
0.40631
0.00000
0.34304
0.98859
1.00000
0.99958
0.00000
0.05687
0.72633
0.02196
0.00000
0.00000
0.76063
0.85580
0.17998
0.90052
0.95613
0.13169
0.02680
0.13391
0.26469
0.43894
0.50963
0.38822
0.00000
0.00000
0.06712
0.44683
0.86941
0.53993
1.00000
0.05684
0.87160
0.99820
0.00000
0.00032
0.57261
0.00008
0.00110
0.00001
0.89703
0.60952
0.00001
0.01502
0.05039
0.00000
0.57704
0.97242
0.00006
0.64016
0.25047
0.98835
0.99997
0.18317
0.97240
0.00000
0.00423
0.99854
1.00000
0.17316
0.99989
0.49203
0.00019
0.87892
0.99550
0.47664
0.30940
0.99879
0.03307
0.25882
1.00000
0.00004
0.99683
0.76547
0.99999
0.99266
1.00000
0.91638
0.04393
0.06315
0.04226
0.90367
0.06783
0.96897
0.99346
0.00001
0.00007
1.00000
0.25297
1.00000
0.01979
0.48889
0.02611
0.00000
0.57265
0.06042
0.01563
0.43574
0.07855
0.84962
0.00021
0.00000
0.94386
0.00003
0.00000
0.62375
0.11846
1.00000
1.00000
0.06745
0.02175
0.01562
1.00000
0.99998
0.99951
0.04981
0.00765
0.44741
0.04808
0.17953
0.00000
0.00000
1.00000
1.00000
0.96688
0.12248
1.00000
1.00000
0.99477
0.15522
0.00000
0.00008
0.81358
0.00000
0.00000
0.99999
0.99418
0.00015
0.86914
0.98624
0.80864
0.99782
0.53721
0.38797
0.99656
0.23978
0.97019
0.66965
1.00000
0.20246
1.00000
0.00013
0.78138
0.96120
0.11079
0.00536
0.90175
1.00000
1.00000
0.28231
0.99765
0.40420
1.00000
0.00084
0.20359
0.13394
0.00016
0.30403
0.06133
0.00757
0.00000
0.61118
0.99572
0.01263
0.00002
0.99540
0.00033
0.52666
0.92680
0.59586
1.00000
0.46895
1.00000
0.99763
1.00000
0.98383
0.10227
0.99767
0.99546
0.49708
1.00000
0.51239
1.00000
0.04842
0.99271
1.00000
0.01376
0.00013
0.00002
0.00000
0.23718
0.00093
0.99258
0.50910
0.32125
0.99105
0.99993
0.00000
0.00000
0.00023
0.11780
0.00000
0.70412
0.38553
0.14715
0.10828
0.13045
0.99948
0.04716
0.74833
0.00670
0.02463
0.73281
0.00000
0.19425
0.13446
0.26274
0.04497
0.00000
0.97631
0.79966
0.48590
0.00000
0.33728
0.00000
0.97998
0.85411
0.00104
1.00000
0.95007
0.00004
0.99844
0.93008
0.31403
0.00000
0.98298
0.00014
0.96207
1.00000
0.98597
0.73859
0.00000
0.99986
0.50157
0.27141
0.48394
0.27064
0.81263
0.00469
1.00000
0.00005
0.00000
0.95461
0.97827
0.00000
0.46772
0.00021
0.96569
0.99986
0.99934
0.99991
0.99391
0.00008
0.66840
0.44396
0.00346
0.02085
0.41616
0.39588
0.13103
0.15676
0.99753
0.99966
1.00000
0.97919
0.00009
0.00455
0.94423
0.99962
1.00000
0.00000
1.00000
0.20091
1.00000
0.00000
0.99212
0.01716
0.00025
0.02156
0.92425
0.00023
1.00000
0.65105
0.42328
0.76879
1.00000
0.00000
0.25013
0.00000
0.13243
0.00000
0.72237
0.99300
1.00000
0.99006
0.96554
0.96985
0.03946
0.03134
0.08547
0.00000
0.99912
0.97695
0.48716
1.00000
0.99906
1.00000
0.47898
0.39365
0.00000
0.01773
0.99998
0.95093
0.00067
0.40073
1.00000
0.99661
0.67446
0.31385
0.00152
0.97603
1.00000
0.64887
0.28525
0.00213
0.00000
0.00000
0.00009
0.00000
0.00002
0.00000
0.87713
0.00000
0.82001
0.48255
0.98553
0.59908
1.00000
0.48283
0.11208
0.99944
0.49252
0.99794
0.99800
0.65120
0.00532
0.00000
0.00000
0.11678
0.55753
0.80108
1.00000
0.93675
0.00000
0.22904
0.99882
0.88285
0.14553
0.75458
0.05503
0.80258
0.54960
0.12269
0.34637
0.00001
0.91288
0.98442
0.19074
0.00000
1.00000
0.00030
0.00434
0.07842
0.00000
0.00185
0.74745
0.10282
1.00000
0.91053
0.05863
0.41125
0.44394
0.07896
0.06511
0.61748
0.42890
0.36461
0.24820
0.98061
1.00000
0.89783
0.25215
0.00697
0.99865
1.00000
0.92690
1.00000
0.00000
1.00000
0.86187
0.00000
1.00000
0.92040
0.71303
0.00009
0.06449
0.09646
0.00000
0.76697
0.00001
0.36230
0.49647
0.00000
0.00772
0.81488
0.77731
0.82551
0.00002
0.75547
0.99998
0.95053
1.00000
0.99939
0.97741
0.34474
0.00000
0.04807
0.37428
0.99522
0.00107
0.00000
0.96089
0.00035
0.01017
1.00000
0.63687
0.92781
0.99985
0.00668
0.99544
0.00004
0.48181
0.92983
0.00000
0.79681
0.99706
0.00001
0.00272
0.06683
0.31959
0.00000
0.00007
0.99997
0.99985
0.00000
0.39554
1.00000
0.88075
0.34964
0.00000
1.00000
0.36432
0.00782
0.99979
0.95282
0.85874
0.99356
0.00184
0.54416
0.45652
0.99956
0.51508
0.99611
0.00046
0.00000
0.35011
0.99996
0.00309
0.00048
0.00000
0.59371
0.00000
0.99713
0.00150
0.58197
0.94664
0.99262
0.00000
1.00000
0.80906
0.00000
0.80216
1.00000
0.07360
0.00217
0.33899
0.14973
0.79783
0.99993
0.00279
0.99965
0.00000
0.19699
0.97906
0.99700
0.36140
0.68589
0.00001
0.87254
1.00000
0.80450
0.00000
0.04265
0.87807
0.00079
0.51010
0.42962
1.00000
0.24281
0.90874
0.97108
0.00003
0.00000
0.42275
0.00687
0.99554
0.01112
0.11039
0.54414
0.01861
1.00000
0.00000
1.00000
0.22644
1.00000
0.90550
0.10495
0.58007
0.00540
0.07540
0.44940
0.00037
0.57530
0.00000
0.97617
1.00000
0.00009
0.42780
0.27929
0.92344
0.47334
0.51263
0.98989
0.22938
0.85991
0.00073
0.73081
0.00000
0.51769
0.94972
0.19763
0.97561
0.98872
0.00327
0.00020
0.58898
0.11321
0.99914
0.00000
1.00000
0.53840
0.09337
0.98316
0.28936
0.94623
1.00000
0.08114
0.00000
0.99926
0.00353
0.00000
0.00111
0.99415
0.90037
0.53722
0.20744
1.00000
0.00157
0.00328
0.70572
0.84725
0.10576
0.00522
1.00000
0.19860
0.28697
0.99474
0.96395
0.00844
1.00000
0.80976
0.22581
0.02444
0.05753
0.00424
1.00000
0.98663
0.42386
0.07737
0.00000
0.87862
0.03422
0.00000
0.00006
0.99999
1.00000
0.01303
0.00114
0.99911
1.00000
0.00073
0.71980
0.26036
0.99991
0.00000
0.03482
1.00000
0.99780
0.00831
0.02708
0.99985
0.41807
0.00075
1.00000
0.01322
1.00000
0.99981
0.12216
1.00000
0.00024
1.00000
0.00037
0.02064
0.68410
0.99993
0.91182
0.21127
0.02140
0.60981
0.21321
0.00000
1.00000
0.77495
1.00000
0.00614
1.00000
0.25468
0.99998
0.98318
0.31153
0.97503
0.92583
0.00135
0.00258
0.00697
0.99316
0.99621
0.05876
0.97587
0.47460
0.00009
0.54287
0.00545
0.99999
0.00005
1.00000
0.06269
0.00298
1.00000
0.00006
0.68110
0.00022
0.99430
0.99336
0.98762
0.17205
0.99843
0.13739
0.99991
0.02549
0.07330
0.00221
0.99998
1.00000
0.58800
0.99347
1.00000
0.00004
0.00000
0.00033
0.71326
0.00487
0.46856
0.69293
0.99995
0.96714
0.01687
0.17487
0.15243
0.99105
0.00000
0.99999
0.90689
0.00000
0.99080
0.99991
0.90627
0.99998
0.99993
0.00671
0.00000
0.00000
0.00000
0.74332
0.80792
0.57324
0.00001
0.01202
0.14533
0.00000
1.00000
1.00000
0.98244
0.00002
0.00855
0.96845
1.00000
0.00058
0.95788
0.99990
0.06383
1.00000
0.01037
0.10997
0.00494
0.26211
0.01983
0.00000
0.00000
0.00074
0.01268
0.99999
0.00000
0.99967
1.00000
1.00000
0.01614
1.00000
0.91284
0.00000
0.91305
0.26533
0.00000
0.17463
0.99708
0.01926
0.98932
0.06539
0.27969
0.99801
0.27474
0.00003
1.00000
0.00208
0.99993
0.99998
0.04221
0.19231
0.00000
0.97379
0.98215
0.68202
0.99995
0.97280
0.00010
0.00872
1.00000
0.99941
0.20695
1.00000
0.99999
0.94355
0.03430
0.00685
0.90764
0.00668
0.53057
0.00036
0.99941
0.99259
0.77680
0.00001
0.22571
1.00000
0.27635
1.00000
1.00000
0.99788
0.97907
0.09213
0.99955
0.00000
0.94389
0.95348
0.99039
0.52111
0.00001
0.02859
0.24014
0.00000
0.02334
0.10028
0.03859
0.18631
0.59002
0.97306
1.00000
0.20936
1.00000
0.99998
0.21645
0.55497
0.99988
0.92849
1.00000
0.00000
0.00000
1.00000
0.00006
0.01857
0.00010
0.14220
0.00004
0.60151
0.19659
1.00000
0.99985
0.00000
0.99961
0.99999
0.00959
0.83453
0.00002
0.01091
1.00000
0.00447
0.83443
0.99977
1.00000
0.99677
0.08278
0.73049
1.00000
0.99999
0.40671
0.00010
0.97860
0.00352
0.00012
0.82256
0.04819
0.49090
0.25695
0.00034
0.05596
0.95294
0.99890
0.00015
0.71767
0.00273
0.78965
0.05572
0.00044
0.00001
1.00000
0.08883
0.00000
0.48488
0.18286
0.95684
0.13666
0.55293
0.97727
0.23129
0.91800
0.99864
1.00000
0.37004
0.18422
0.00000
0.99997
0.09230
0.99996
0.00000
0.26436
0.00029
0.24272
0.00000
0.07982
0.70191
0.19401
0.78690
1.00000
0.26865
0.00002
0.99999
0.99999
1.00000
0.00695
0.97505
0.60162
0.68582
0.74665
1.00000
0.02908
0.98118
0.86848
0.99931
0.14177
0.99824
0.28181
0.02259
0.68074
0.99711
0.04012
0.99998
0.93230
0.63002
1.00000
0.57601
0.00467
0.00010
0.97971
0.30680
0.99475
0.62392
0.01391
0.99540
0.89159
0.15134
0.05856
1.00000
0.83362
0.95099
0.00182
0.20174
0.09036
0.00198
1.00000
0.59825
1.00000
0.50845
0.50524
0.47916
0.00000
0.27973
0.80171
1.00000
0.94419
0.19897
0.10034
0.03057
0.45589
0.15575
0.80374
0.90682
0.03761
0.67467
0.51219
0.07115
0.98735
1.00000
0.71211
0.00000
0.44354
0.03978
0.21037
0.17873
1.00000
0.61351
0.00000
1.00000
0.97563
0.92051
0.99998
0.00000
0.08296
0.94266
1.00000
1.00000
0.99752
0.00345
0.99838
0.02135
0.00782
0.21204
0.27525
0.01518
0.99489
0.99998
0.18197
0.84241
0.99680
0.92841
0.48252
0.87343
0.01668
0.99957
0.00003
0.15561
0.56889
0.94130
0.00035
0.87902
0.99986
0.99985
0.64245
0.72296
0.98901
0.47636
0.99287
0.00000
0.00001
0.63442
0.56525
0.10212
0.03420
0.03324
0.08824
0.99957
1.00000
0.87770
0.03167
0.14214
0.33011
0.55367
0.00000
0.83997
1.00000
0.84533
0.79654
0.72701
0.98096
0.16080
0.99990
0.99999
0.91791
0.99997
0.14501
0.02244
0.99367
0.08006
0.95011
0.00000
0.93442
0.00002
0.99678
0.99959
0.89695
0.00000
0.99992
0.68267
1.00000
0.05061
0.00001
0.47511
0.99742
0.00000
0.10820
0.92181
0.39161
1.00000
0.99746
0.99930
0.99993
0.99360
0.90299
0.11672
0.00010
0.99916
0.00000
0.98946
0.00009
0.17045
0.91324
0.00563
0.00244
1.00000
0.99352
0.99998
0.93060
0.15770
0.99990
0.73107
0.90752
0.00000
0.92046
0.81020
0.34428
0.00007
0.81794
1.00000
0.69872
0.99997
0.04267
0.83356
0.33206
0.79075
1.00000
0.98414
0.34641
0.94765
0.58313
0.90278
0.89284
0.00023
0.68997
0.00001
0.02640
0.91922
0.99997
1.00000
0.00032
0.62710
0.57434
0.13960
0.99789
1.00000
0.01094
0.97333
0.99994
0.44902
0.00483
0.00112
0.99996
0.97035
0.06853
0.65745
0.42812
0.00000
0.12924
0.85896
0.05639
0.48474
0.45047
0.00000
1.00000
0.93618
1.00000
1.00000
0.00003
0.96120
0.00043
0.99401
0.79340
0.10882
0.94489
0.70837
0.15998
0.12822
0.13010
0.38274
0.00000
0.99819
0.13387
0.00237
0.00000
0.45301
0.86242
0.39059
0.00008
0.00000
0.11467
0.00000
1.00000
0.94850
0.19545
0.55673
0.00420
0.05148
0.96878
0.01573
0.00145
0.95797
0.25962
0.99736
0.00000
0.78993
0.97269
0.20020
0.14388
0.30303
0.00194
0.10067
0.14412
0.99984
0.97868
0.67788
0.00000
0.99999
0.99870
0.00075
0.31575
0.89980
0.91172
0.85938
0.53225
0.99498
1.00000
0.08795
1.00000
0.20112
0.99423
0.60021
0.58620
0.82076
0.99955
0.00066
0.15368
0.09946
0.02274
1.00000
0.20145
0.58186
1.00000
1.00000
0.24888
0.00957
0.99920
0.30522
0.00000
0.34832
0.00001
1.00000
0.94724
0.16305
0.61960
1.00000
0.99982
0.01899
0.95908
0.03693
0.99849
0.00000
0.65025
0.00000
0.96600
0.00252
0.47016
0.00000
0.00000
1.00000
0.53777
0.99999
0.94076
0.65261
0.99124
0.00007
0.00000
0.00000
0.99961
1.00000
0.04100
1.00000
0.09685
0.00000
1.00000
0.99890
0.70884
0.00153
0.22937
0.00000
0.76310
0.00000
0.98248
0.00001
0.36865
0.99577
0.00071
0.32927
0.00000
0.01936
0.09403
0.26519
0.00394
0.99992
0.99868
0.00000
0.13647
0.99809
0.92203
0.66553
0.20647
0.72343
0.99999
0.05470
0.00001
0.73286
1.00000
0.99960
0.26112
0.00110
0.56586
0.35388
0.00000
1.00000
0.83518
0.00017
0.99998
0.99889
0.36412
0.97686
0.99821
1.00000
0.99541
0.00026
0.08639
0.05569
0.01122
0.99446
0.08548
0.71057
0.00000
1.00000
0.99657
0.04692
0.00236
0.00017
0.03325
0.99971
0.99978
0.07057
0.00483
0.99559
0.05572
0.52578
0.00125
0.31778
0.01440
0.00000
0.00089
0.00004
0.00000
0.36334
0.62877
0.99857
0.00025
0.92935
0.80189
0.00001
0.98308
1.00000
0.00150
0.23278
0.06222
0.10493
0.52762
0.87708
0.00000
1.00000
0.17463
0.89247
0.96288
0.00004
0.21045
0.99995
0.00055
0.00013
0.99429
0.72769
0.00158
0.11143
1.00000
0.00625
0.99997
0.00090
0.00000
0.00000
0.05523
1.00000
0.00278
0.00033
0.29295
0.92885
0.98801
0.00000
1.00000
0.06775
0.99586
1.00000
1.00000
0.96370
0.00006
0.91662
0.99954
0.01665
0.98581
1.00000
0.29619
0.95247
0.39922
0.00000
0.06207
0.99956
0.64528
0.96564
0.79917
0.05793
0.56217
0.37547
0.10697
0.34105
0.97048
0.68048
1.00000
0.98858
1.00000
0.00000
0.00000
0.88376
1.00000
0.81771
0.15689
0.00094
0.32817
0.99949
0.01635
0.38663
0.36447
0.51428
0.06516
0.99990
0.01142
0.99996
0.04616
0.48308
0.00001
0.00520
0.71965
1.00000
0.00000
0.75391
0.00000
0.05221
0.90882
0.97716
0.00000
0.49195
1.00000
1.00000
0.07275
0.99835
0.47732
0.99497
1.00000
1.00000
0.09388
0.51779
0.02571
0.00898
0.00000
0.99949
0.99997
0.29773
0.98313
0.00188
0.99967
0.00000
0.00002
0.86977
0.00350
0.83679
0.99809
1.00000
0.98368
0.06495
0.00617
0.02037
0.04325
0.00000
0.79975
0.00471
0.01505
1.00000
0.00019
0.82528
0.06256
0.76061
0.02162
0.21737
0.98328
0.00148
0.99895
0.38095
0.00025
0.00253
0.03456
1.00000
0.16170
0.94203
0.72927
0.00000
0.00011
0.99972
0.99885
0.39479
1.00000
1.00000
0.53217
0.33193
0.03336
0.99521
0.24717
0.20906
0.46655
0.00010
0.00000
0.58232
0.19799
0.28481
0.48805
1.00000
0.00000
0.00918
0.70692
0.97296
0.12957
0.54101
0.00002
0.00000
0.36551
0.00010
0.00007
0.17485
0.00014
1.00000
0.00026
0.92040
0.99927
0.81626
0.21469
1.00000
0.00003
0.89857
0.03420
0.50560
0.99250
0.73614
0.45396
0.98265
0.46346
0.00103
0.80675
0.00000
0.98502
0.02733
1.00000
0.98029
0.15153
1.00000
0.98190
0.96897
0.99992
0.00199
0.99938
0.43034
0.18463
0.98720
0.99990
0.52336
0.00022
0.88055
0.26506
0.96402
0.99317
0.32206
0.00000
0.00635
0.93966
0.00005
0.99980
0.11484
0.84107
0.14541
0.99998
0.99974
0.79062
0.72292
0.99991
0.98529
0.99632
0.03124
1.00000
0.37216
0.22727
0.94332
1.00000
0.07749
0.33762
0.98295
0.99270
0.60241
0.33029
0.00203
0.82608
1.00000
1.00000
0.73268
0.06674
0.97947
0.99986
0.94064
0.00000
0.00001
0.00829
0.00116
0.00000
0.99477
0.00201
0.92259
0.00431
0.99827
0.99994
0.57204
0.99905
0.99946
0.00000
0.18690
0.00007
1.00000
0.97678
0.99999
0.05759
0.01999
0.95151
0.22506
0.54519
0.06981
0.98510
1.00000
0.92924
0.49179
0.35381
0.68637
0.05459
0.05843
0.71058
0.88766
0.00001
1.00000
0.14807
0.00120
0.00000
1.00000
0.00000
0.41987
0.99999
0.00273
0.05901
1.00000
1.00000
0.03156
0.10006
0.60150
0.77116
0.00642
0.00000
1.00000
0.06929
0.23669
0.77554
0.32080
0.99382
0.00001
0.99378
0.99125
0.00008
0.01407
0.00110
0.00000
1.00000
0.99999
0.23578
0.02718
0.77470
0.00044
0.99994
0.99854
1.00000
0.52000
0.43381
0.80180
0.07275
0.56292
0.00000
0.36874
0.08892
1.00000
1.00000
0.18579
0.00000
0.91687
0.00000
0.96211
0.86287
0.84622
0.99996
0.98813
1.00000
1.00000
1.00000
0.99945
0.00009
0.99732
0.00000
0.02732
0.00002
0.74009
0.00000
0.97374
0.00000
0.99996
0.46411
0.99995
0.00000
0.73977
1.00000
0.00465
0.96125
0.02244
0.00410
0.02751
0.00001
0.67534
0.85263
0.87296
0.04216
0.99094
0.66972
0.99999
0.00007
0.99900
0.43492
0.06095
0.73855
0.02496
0.00000
0.99989
0.00003
0.00015
0.99995
1.00000
0.83379
0.02528
0.13805
0.00000
0.99916
0.79065
0.14375
0.32496
0.46218
0.04847
0.98813
0.98311
0.00001
0.00008
0.01332
0.10476
1.00000
0.00075
0.89744
0.46555
0.02162
0.05271
0.09387
0.86796
0.60245
0.99984
0.51569
0.29483
0.12063
1.00000
0.06556
0.00001
0.00000
0.00000
0.00000
1.00000
0.05849
0.98939
1.00000
0.99960
0.99789
0.99929
0.00045
0.75671
0.99853
0.82527
0.99555
0.97093
0.68094
0.00000
0.00000
0.89433
0.00006
0.00044
0.99560
0.82554
0.99990
0.34954
0.99997
0.00000
0.99273
0.42109
0.99410
0.00000
0.61299
0.00747
0.00000
0.96472
0.99999
0.57453
0.16529
0.22884
1.00000
0.22532
0.84100
0.99995
0.99995
0.65655
0.98116
0.09611
0.67591
0.00001
0.89994
0.47456
0.90761
0.78679
0.00003
1.00000
0.00315
0.99113
0.00219
0.98046
0.45606
0.03748
0.00000
0.00076
0.03697
0.00100
0.15162
0.00001
0.00075
0.00192
1.00000
1.00000
0.01211
0.00000
0.99914
0.00000
0.28288
0.00088
0.11325
0.35522
0.00102
0.71159
0.00000
0.75051
0.00922
0.99956
0.92957
0.03951
0.00000
0.99982
0.25929
0.02193
0.05465
0.02579
0.44437
0.00098
0.24745
1.00000
0.81475
0.00000
0.01239
0.99999
0.86073
0.00000
0.99983
0.99994
0.16593
0.03497
0.02046
0.99028
0.80691
1.00000
0.28496
0.00001
0.00895
0.00008
0.01234
0.01380
0.01233
0.59789
0.69225
0.72607
0.30564
0.11209
0.70529
1.00000
0.00355
0.99967
0.01511
0.41656
0.99521
0.00642
0.66135
1.00000
0.99891
1.00000
0.99993
0.00001
0.34151
0.00043
0.05360
0.04566
0.99867
0.15323
0.92369
0.00762
0.00128
0.25598
0.00013
0.42882
0.99998
0.99998
0.00214
0.00006
0.00000
0.00000
0.00642
0.25164
0.95837
0.79827
0.38329
1.00000
0.00000
0.74239
0.00002
0.08437
0.12131
0.67323
0.18035
0.00000
0.08399
0.00000
1.00000
0.99999
0.99823
0.99871
1.00000
0.91363
0.85766
0.98702
0.32643
0.98390
0.00000
1.00000
1.00000
0.94918
1.00000
1.00000
1.00000
0.00000
1.00000
0.99807
0.90144
0.49715
0.00000
0.85593
0.00545
0.73764
1.00000
0.99201
0.00000
0.15589
0.44704
1.00000
0.90101
0.00023
1.00000
0.44301
1.00000
0.27855
0.04127
0.06730
0.00169
0.93648
0.55273
1.00000
0.07612
0.24347
0.10723
0.27201
0.05005
0.99991
0.00000
0.00022
0.00000
0.05474
0.09398
0.99759
0.20781
0.53410
0.99692
0.83492
0.01237
0.68719
0.95417
0.33625
1.00000
0.02515
0.55105
0.69598
0.96808
0.26065
0.06339
0.97481
0.27301
1.00000
1.00000
0.72224
0.00000
0.27484
0.42426
0.03055
0.77942
0.63123
0.97366
1.00000
0.19636
0.04125
0.00312
0.98003
0.60657
0.00000
0.29293
0.00000
0.00008
0.00125
0.99938
0.25377
1.00000
0.01623
0.26711
1.00000
0.98755
0.92911
0.10706
0.53449
0.00001
0.40048
0.01317
0.00049
0.00011
0.01594
0.19500
0.99898
0.00317
0.99821
0.05300
0.97215
0.85439
0.83522
0.99999
1.00000
0.99967
0.00002
0.77061
0.97172
0.56426
0.99753
0.07397
1.00000
0.04538
0.64506
0.00003
1.00000
0.37755
0.00577
0.00000
0.69495
0.39932
0.12899
0.01654
1.00000
0.00000
0.81143
1.00000
0.41747
0.30393
0.64528
0.02043
0.07299
0.85985
0.00002
0.21865
0.00001
1.00000
0.17543
0.00000
0.19489
0.36207
0.00000
0.29543
1.00000
0.70894
0.05037
0.00000
0.19166
0.99964
0.00400
0.44798
0.59214
1.00000
1.00000
1.00000
0.00000
0.65447
0.81028
0.71492
0.00058
0.81515
0.00000
1.00000
0.20362
0.03689
0.99048
0.00000
0.96725
1.00000
1.00000
0.89677
0.00285
0.98977
1.00000
0.00002
0.13544
0.00084
0.00000
0.03825
0.97178
0.00001
0.00000
0.99837
0.03997
1.00000
0.73574
0.46888
0.57683
0.83272
0.31835
0.61802
0.75729
0.75299
0.84888
0.99826
0.00081
0.33902
0.65743
0.00025
0.99911
0.12119
0.33431
0.55640
0.99948
0.99377
0.63268
0.99916
0.99977
0.00071
0.44820
0.44870
0.11444
0.00000
0.00020
0.00000
0.68343
0.14703
0.96190
0.90765
0.80645
1.00000
0.00000
0.99994
0.86419
1.00000
0.68753
0.00001
0.00000
0.99778
0.68923
0.62767
0.87714
0.99998
0.00299
0.05782
0.11740
0.00000
1.00000
0.92952
0.51788
0.99956
0.00078
0.99421
1.00000
0.00028
0.00085
0.42645
0.00000
1.00000
0.00000
0.46774
0.77756
0.49660
0.03204
0.00000
0.99888
0.78920
0.94370
0.00155
0.87984
0.00000
1.00000
0.52141
0.10004
1.00000
0.94196
0.00021
0.00000
0.01314
0.49531
0.24454
0.68233
0.00007
0.98345
1.00000
0.10830
1.00000
0.49468
0.99963
0.99794
0.70879
0.99994
0.98604
0.99758
0.98369
0.42382
1.00000
0.99992
0.99107
1.00000
0.99999
0.00355
0.57661
0.00432
0.83932
0.72427
0.00000
0.98755
1.00000
0.77669
1.00000
0.55063
0.48230
0.30282
0.99386
0.81340
0.00000
0.99734
0.94518
0.35511
0.96172
0.00000
0.10327
0.30310
0.00000
0.00065
0.99771
1.00000
0.22397
0.99996
0.96360
0.95866
0.21040
0.89667
0.99999
0.00234
0.99518
0.00038
0.40879
0.12355
0.96720
0.33504
1.00000
1.00000
1.00000
1.00000
0.00191
0.03468
0.71790
0.45791
1.00000
0.32480
0.00000
0.71696
0.00427
0.07352
0.00006
0.00024
0.79329
0.54561
0.40151
0.01082
0.89150
0.00000
0.32562
0.99967
0.21078
0.10034
0.31292
0.99846
0.92243
0.03201
0.74359
1.00000
0.00018
0.95281
0.77738
0.00002
0.98196
0.07724
0.99995
1.00000
0.00178
1.00000
0.97378
1.00000
0.40909
1.00000
0.21423
0.00099
0.04452
0.86812
0.43593
0.37400
0.99946
0.43455
0.00265
1.00000
0.99965
0.95902
0.00000
1.00000
0.99456
0.99713
0.97366
0.40274
0.00013
0.18807
0.99997
0.81978
1.00000
0.00000
0.00000
1.00000
1.00000
0.27710
0.99842
1.00000
0.00000
0.32216
1.00000
0.77288
0.15858
0.00053
0.00000
0.72869
0.99574
0.16209
0.91030
0.18004
0.08662
0.99993
0.99997
0.00007
0.20304
0.53236
0.00026
0.18326
0.05725
0.03330
0.00000
0.99369
0.35037
0.99979
0.00013
0.83565
0.09955
0.99896
0.00000
1.00000
0.96619
0.48753
0.22095
0.04163
0.23307
0.07311
1.00000
0.40623
0.99989
0.92573
0.00000
0.00000
0.68679
0.38253
1.00000
1.00000
0.30295
0.12667
0.17084
0.99316
0.51992
0.69857
0.29499
0.38421
1.00000
0.00000
0.24646
0.06124
0.12625
0.97550
0.60161
0.18602
0.00024
0.02798
0.23101
0.00105
0.00000
0.00000
1.00000
0.00000
0.04203
0.35904
1.00000
0.99880
0.00000
0.00108
0.03228
0.00001
0.96165
0.99767
1.00000
0.00000
0.04814
0.89020
0.93829
0.00000
0.99493
0.98268
1.00000
0.98990
0.00004
0.00002
1.00000
0.25917
0.88155
0.93240
0.02217
0.00149
0.57346
1.00000
0.15857
0.93656
0.99989
0.99866
0.53329
0.70037
0.62168
0.96841
0.00000
0.96304
0.41048
0.76475
0.04022
0.00007
0.76020
0.76598
0.00000
0.99907
0.73217
0.37628
1.00000
0.99995
0.09717
1.00000
1.00000
0.05345
0.11975
1.00000
0.52762
0.06246
0.00000
0.00514
0.00770
0.13152
0.99301
0.99784
0.28381
0.13082
1.00000
0.00171
0.87035
0.52944
0.00000
0.57910
0.94141
0.14128
0.04848
0.87571
0.69847
0.99221
0.00000
0.27051
0.35551
1.00000
0.28063
0.99989
0.00047
0.00624
0.57614
1.00000
1.00000
0.00000
0.99989
0.99942
0.87645
0.00010
0.99996
0.00398
0.97544
0.99984
1.00000
0.38603
0.01737
0.75347
1.00000
0.07112
0.16817
0.99999
0.56523
0.52863
0.00780
1.00000
0.79565
0.50987
0.00006
0.99832
0.85493
0.08219
0.50307
0.99970
0.00252
0.07070
0.00000
0.00000
0.52966
0.00133
0.88338
0.00002
0.99968
0.99994
0.72089
0.22806
0.31268
0.12340
1.00000
0.00000
1.00000
0.01350
0.99891
0.87136
0.45990
0.00786
0.99172
0.92264
1.00000
0.27496
1.00000
0.18480
0.04734
0.99996
0.00933
0.00132
1.00000
0.01021
0.00000
0.88610
1.00000
0.34671
0.00001
0.45324
0.27644
0.92070
0.00245
0.00000
0.92239
0.99928
0.10340
0.76759
0.31223
0.88783
0.57955
0.82806
0.57219
0.40253
0.81177
0.00005
0.30027
0.98826
1.00000
0.00000
0.96737
0.00017
0.44503
0.99969
0.98387
0.99982
0.87102
0.07062
0.58794
0.99996
0.00000
0.28096
0.99996
0.56581
0.03450
0.40724
0.00035
0.00000
0.83186
0.99952
0.98598
1.00000
0.12551
0.00000
1.00000
0.00000
0.75147
0.00008
0.00000
0.68574
0.00593
0.44927
1.00000
0.99100
0.01430
0.16077
0.84222
0.01194
0.99916
0.29167
0.03833
0.17275
0.72677
0.98703
1.00000
0.97887
0.99767
0.00001
0.20872
0.85033
0.53805
0.99990
0.99991
0.21384
0.99998
0.99977
0.29829
0.31140
0.99995
0.51975
1.00000
0.89424
0.83067
0.94005
0.26404
1.00000
0.37278
0.64496
0.03500
0.02077
0.44781
0.33299
0.66061
0.00000
0.00000
0.00422
0.00399
0.07607
0.55214
0.95318
0.93836
0.20375
0.46102
0.92881
0.14000
0.81547
0.42043
0.00043
1.00000
1.00000
0.00000
0.96984
0.99986
0.49700
0.25632
0.00940
0.45157
0.93947
0.97909
0.00000
0.42047
0.02908
0.00014
0.97768
0.65357
0.32383
0.03115
1.00000
0.99996
0.99505
0.00190
0.76685
0.95890
0.95575
0.00248
0.00000
0.99886
0.00000
0.99988
0.86559
0.84624
0.74932
0.79718
1.00000
0.87036
0.85225
0.00000
1.00000
0.41377
0.77374
1.00000
0.72569
0.92314
0.00000
0.00004
0.61634
0.39606
1.00000
0.62598
0.60954
0.00007
1.00000
0.00176
0.74230
0.03188
0.00075
0.99111
0.00000
0.62704
1.00000
0.00000
0.00001
0.72931
0.98096
0.97399
0.99098
0.04271
0.99977
1.00000
0.91097
0.67923
0.00040
1.00000
0.61826
1.00000
1.00000
0.99999
0.90436
0.08528
1.00000
1.00000
0.00000
0.33849
0.99877
0.64294
0.96569
0.01405
0.36017
0.00706
0.96622
0.87506
0.37363
0.00279
0.02594
0.44515
0.03406
0.86368
0.00090
0.08949
0.99583
0.36220
0.00216
0.89402
0.93977
0.10018
0.00787
0.99996
0.00327
0.23633
0.00018
0.75075
0.98753
0.04548
0.05521
0.00056
0.92206
0.00000
0.99996
0.00133
0.20922
0.44503
0.86598
0.29901
0.03822
0.84885
0.00058
0.00000
1.00000
0.00000
0.00350
1.00000
0.02422
0.70486
0.86595
0.00001
0.71765
0.05302
0.90988
0.98412
0.99099
0.99991
0.98917
0.27578
0.05668
0.10089
0.36055
0.70145
0.09013
0.02817
0.46021
0.99985
0.04978
0.59568
0.31589
0.00221
0.00000
0.95540
0.07637
0.85017
0.67951
0.99992
0.99998
1.00000
0.62174
0.29490
0.07893
0.04753
0.00000
0.03101
0.24162
0.95403
0.00002
0.00000
0.01817
0.00311
1.00000
0.99897
0.05170
0.77403
0.69448
1.00000
0.06507
0.95202
0.02008
0.98467
0.02228
0.04224
0.00000
0.99915
0.22327
0.97868
0.85943
1.00000
0.42871
0.05547
0.96338
0.78286
0.99977
0.00000
0.49605
0.00000
0.16243
0.45238
1.00000
0.99103
0.99992
0.75095
0.00570
0.55231
0.24679
0.99988
0.21814
0.00000
0.00000
0.89398
0.02962
0.71485
0.99969
0.38336
0.79794
1.00000
0.96030
0.97307
0.00000
0.79694
1.00000
0.99965
0.14083
0.96670
0.09377
0.01820
0.35593
0.00512
0.88845
0.00089
0.04740
0.96323
0.48951
0.08052
0.68970
0.29706
0.29376
0.00000
0.06807
0.99999
0.66236
0.60205
0.32213
0.78782
0.23017
0.95833
0.99944
0.60784
1.00000
0.99891
0.97014
1.00000
0.16391
0.77944
0.00000
0.74687
0.80529
0.40804
0.98416
0.99950
0.53210
0.07230
0.99990
0.03554
0.09502
0.10314
0.79272
0.75658
0.17369
0.02158
1.00000
0.58030
0.53770
0.13501
0.00000
0.00209
0.00000
0.37331
1.00000
1.00000
0.00019
1.00000
1.00000
0.39690
0.29873
1.00000
0.00162
1.00000
1.00000
0.22324
0.70865
0.93590
1.00000
0.70987
0.57208
0.00000
0.00013
0.33789
0.85568
0.00003
0.00822
0.13587
0.00001
0.62618
0.38067
0.67124
0.99960
0.79729
0.74519
0.93976
0.25738
0.05559
0.00000
1.00000
0.00000
0.75206
0.35206
0.99486
0.00091
0.98940
1.00000
0.67738
1.00000
0.00019
0.39217
0.79843
0.28531
0.00051
0.44052
0.00003
0.01649
0.62455
0.00000
0.92171
0.96133
0.00222
0.04610
1.00000
0.96284
0.03055
0.45135
0.99940
0.99881
0.99298
0.00005
0.99205
0.00000
0.08601
0.64063
0.65486
0.98009
0.29218
0.15387
0.99482
0.99991
0.57257
0.00002
0.00120
0.99981
1.00000
0.00000
0.99989
0.25898
0.58611
1.00000
0.33881
0.99724
0.00374
0.93908
0.30725
0.61774
0.15607
0.91985
0.00350
0.98937
0.02137
0.51880
0.70989
0.05291
0.70398
0.00000
0.16716
0.86571
0.15845
0.07506
1.00000
0.00000
0.00000
0.01925
1.00000
0.01724
0.21667
0.84762
0.00004
0.14068
0.99270
0.97251
0.96039
0.00001
0.00000
0.00684
0.00163
0.00000
0.79328
1.00000
0.00000
0.22921
0.00030
0.99999
0.99999
0.87251
0.00047
0.23601
0.04482
0.99997
0.88742
0.50000
0.66610
0.94058
0.26975
1.00000
0.26809
0.00000
0.02857
0.01835
0.99996
0.89300
0.08189
0.25930
0.99962
0.99929
0.00000
0.31712
0.00002
0.15093
0.87028
0.35262
0.11640
0.99999
0.48222
0.61352
1.00000
0.99961
0.35405
0.00034
0.94822
0.61683
0.99998
0.00629
0.00000
0.81930
0.51428
1.00000
0.62113
0.46988
0.98522
0.99998
0.05490
0.00000
0.60478
0.19982
0.00008
0.99993
0.82673
0.77389
1.00000
0.40931
0.00120
1.00000
0.99979
0.34438
1.00000
0.99147
0.28566
0.00000
0.96181
0.00063
0.06563
0.33003
0.24295
0.91360
0.07457
1.00000
0.99950
0.00000
0.03170
0.81156
0.99769
0.27054
0.99912
0.43010
0.00000
0.96886
0.00000
0.12149
0.68010
0.01399
0.00654
1.00000
0.98877
0.06856
0.77561
0.00103
0.99953
0.00000
0.01614
0.90453
0.41816
0.26341
0.60678
0.00013
0.00000
0.60940
0.67970
0.99812
0.13289
0.30578
0.00213
0.34219
0.99997
0.84723
0.96746
0.00081
1.00000
0.71265
1.00000
0.00428
0.64315
0.00487
0.64682
0.00033
0.21848
0.94214
0.99928
0.96798
0.14376
0.00003
0.88651
0.99516
0.00040
0.00783
0.00000
0.86073
0.45662
0.26627
0.00000
0.94242
0.99989
0.01621
0.00001
0.33514
0.32610
0.74223
0.00000
0.93494
1.00000
0.00001
0.00000
0.20370
0.40152
0.46279
1.00000
0.80243
0.99974
0.00018
1.00000
0.99153
0.00130
0.07450
0.01849
0.20844
0.88187
0.00000
0.88855
0.00000
0.00000
0.00193
0.99620
1.00000
0.42067
0.99832
0.01844
0.02409
0.00000
0.81567
0.09991
0.89958
0.05293
0.00377
1.00000
0.00032
0.76595
0.01665
0.79304
0.01334
0.05839
0.17691
0.00009
0.16153
0.92353
0.00059
0.98826
0.99681
0.99815
1.00000
0.58726
0.00000
0.54310
0.28033
0.87633
0.89551
0.36282
0.49859
0.00027
0.99997
0.00293
0.57321
0.11927
0.00000
0.99994
0.01813
0.00220
0.21202
0.01115
0.00061
1.00000
0.87954
0.00000
1.00000
0.79892
0.00001
0.01362
0.00000
0.96607
0.00233
0.00064
0.99998
0.00000
0.41307
0.62058
1.00000
0.94219
0.36914
0.91217
0.47815
0.88498
0.00000
0.42696
0.00568
0.00018
0.99837
0.99617
0.84746
0.00000
0.00000
0.94112
0.99513
0.06904
0.99644
0.67965
0.00008
0.69268
0.88926
0.61178
0.10053
0.02808
0.99977
0.00002
0.27660
0.00043
0.45489
0.00000
1.00000
1.00000
0.43293
0.08917
0.00000
0.00004
1.00000
0.00044
1.00000
0.00019
1.00000
0.99746
0.98423
0.85774
0.00383
0.00000
0.00515
0.32967
0.00000
0.73505
0.30929
0.68567
0.82164
0.99728
0.08797
0.42560
0.96055
0.00000
0.77885
0.83276
0.99418
1.00000
0.14233
0.47766
0.00041
0.99374
0.00000
0.00000
0.14628
0.01381
0.96337
0.99997
0.01289
0.00000
0.00000
1.00000
0.68633
0.00000
0.99834
0.87906
0.00000
0.91012
1.00000
0.00438
1.00000
1.00000
0.70926
0.96761
0.99969
0.00000
0.90792
0.09060
0.22004
0.40599
0.80843
0.99943
0.49453
0.99984
0.47943
0.11320
0.16586
0.00455
0.99832
0.97307
0.37511
0.99259
0.26306
0.55674
0.12142
0.86777
0.98876
0.85731
0.00216
0.00490
0.68097
0.18538
0.70384
0.37002
0.00000
0.90475
0.99845
0.97178
0.37943
0.15844
0.00672
1.00000
0.75638
0.94063
0.96884
0.00000
0.00191
0.17525
0.92206
0.99838
0.99986
0.88035
1.00000
0.30884
1.00000
0.25000
0.76848
0.99936
1.00000
1.00000
0.03598
0.75688
1.00000
0.08056
0.00002
0.21978
0.78294
0.95389
0.03261
0.00000
0.00000
0.18113
0.00000
0.91274
0.00002
0.95834
0.99720
0.11161
0.39084
0.02664
0.68444
0.02058
0.47209
0.32508
0.25968
0.09041
0.29979
0.97018
0.00002
0.99304
0.44504
1.00000
0.99959
0.04390
1.00000
0.87333
0.00007
0.03344
0.91795
0.46917
0.89358
0.98612
0.83089
0.07659
0.99999
0.96943
0.99988
0.73895
0.00996
0.00000
0.55377
0.00054
0.00304
0.18533
0.00246
1.00000
0.00000
1.00000
0.24298
1.00000
0.00157
0.98182
0.70145
0.99938
0.56028
0.05966
0.99370
0.36126
1.00000
0.47464
0.71341
0.99676
0.21645
0.01418
0.99999
0.04560
0.96239
0.00008
0.00007
0.03320
0.45074
0.57881
0.41871
0.40760
1.00000
0.99999
0.00000
0.99998
0.47816
0.49495
0.00350
0.13623
0.30146
0.99990
0.00000
0.00000
1.00000
0.95237
0.99847
0.01630
0.31697
0.00000
0.43211
0.00001
0.31392
1.00000
0.63091
0.99828
0.99999
0.10440
0.13898
0.64154
0.85393
1.00000
0.03455
0.82457
0.00000
1.00000
0.99836
0.76848
1.00000
0.03076
0.47097
0.00001
0.08315
0.00095
0.99996
0.50320
0.84302
0.99047
0.00474
1.00000
0.12490
0.90662
0.00064
0.16470
0.97782
0.99997
0.99843
0.00209
0.99982
0.00000
0.00117
0.00000
0.48830
0.00731
0.58627
0.68135
1.00000
0.01142
0.99996
1.00000
0.99898
0.94190
0.00708
0.95608
0.40610
0.97744
0.59641
0.15781
0.00085
0.00000
0.00155
0.40210
0.00240
0.80935
0.96210
0.00009
0.15227
1.00000
0.73656
0.99298
0.07106
0.68047
0.37269
0.98351
0.29223
0.00446
0.71264
0.00028
1.00000
0.99999
0.99917
0.00109
0.00007
0.02527
0.99986
0.03762
0.44657
0.64870
0.05632
0.00364
0.15553
0.52051
0.00000
0.99792
0.00037
0.27273
0.98497
0.77677
0.37649
0.99997
0.97964
0.54460
0.13150
0.76366
1.00000
0.98970
0.15185
0.38463
1.00000
0.44119
0.99985
1.00000
1.00000
0.99990
1.00000
0.38655
0.00015
0.01189
0.03589
0.90009
1.00000
0.01234
0.19666
0.00000
0.08532
0.90274
0.00018
0.35031
0.98998
0.67105
1.00000
0.05393
0.01260
0.44242
0.26967
0.00447
0.00000
0.98636
0.99996
0.99923
0.99431
1.00000
1.00000
0.17006
0.00816
0.89510
0.00001
0.00000
0.61846
0.47778
0.00721
0.00084
0.57765
0.21902
0.00000
0.39809
0.07485
0.00000
0.03741
1.00000
0.00024
0.78065
0.12710
0.07134
0.19065
0.00051
0.02779
0.00000
0.87128
1.00000
0.48868
0.00785
0.37651
0.00002
0.71840
0.01036
0.00187
0.01849
0.00008
0.00000
0.10792
0.04579
0.44029
0.00681
0.41180
0.99993
0.05129
0.00701
0.05342
0.26172
0.00000
0.00490
0.31306
0.83474
1.00000
0.00015
0.62106
0.56701
0.89240
0.96872
1.00000
1.00000
0.99999
0.99974
0.00000
0.00000
0.00015
0.29514
0.58024
1.00000
0.66142
0.00127
0.00003
0.46572
0.90795
0.84908
0.01648
0.00000
0.99848
0.16504
0.00000
0.00000
0.85838
0.01647
0.00001
0.10838
0.02129
0.13799
0.00004
0.99838
0.94074
0.98286
1.00000
0.01531
0.93090
0.07072
0.98338
0.79403
0.00059
0.00000
0.59254
0.16430
0.00000
0.01107
1.00000
1.00000
0.00000
0.00000
0.95099
0.77713
0.99983
0.69711
0.00932
0.00028
0.87206
0.00021
0.06181
1.00000
1.00000
0.00000
0.62320
0.01129
0.00000
1.00000
0.99281
0.74575
1.00000
0.32281
0.57987
0.95600
0.02392
0.71473
0.00000
1.00000
0.45046
0.86320
0.35922
0.07301
1.00000
0.99957
0.01615
0.00000
0.01638
0.49479
0.00000
0.98886
0.11802
0.00155
0.20096
0.00000
0.00039
0.00000
0.23582
0.81125
0.99999
0.92807
0.02066
0.00099
0.00481
0.99851
0.00252
0.09374
0.99922
0.00000
1.00000
0.96133
0.91085
0.60955
0.99944
0.96797
0.41058
1.00000
0.00000
0.86749
0.00188
0.99991
0.09949
0.99587
0.00107
0.00008
0.88803
0.99554
0.20908
0.86676
0.52228
0.62982
0.00000
0.28052
0.47703
0.81004
0.84962
0.59851
0.99999
0.99162
0.02127
0.00980
1.00000
0.99493
0.10008
0.00729
0.00006
0.00100
0.46785
0.25238
1.00000
0.99996
0.12874
0.19945
0.70256
0.00002
0.00292
0.12775
0.99261
0.98880
0.53467
0.86540
0.00022
0.01874
0.00004
0.00196
0.20528
1.00000
0.99999
1.00000
0.00003
0.94700
0.07202
0.99705
0.53135
0.99999
0.99624
0.41549
0.03149
0.24527
0.51975
0.30901
0.33878
0.00380
0.01998
1.00000
0.11242
0.26155
0.00128
0.05896
0.28537
0.35048
1.00000
1.00000
0.84045
0.02462
0.29532
0.00065
1.00000
0.00001
0.00000
0.45279
0.99999
0.91333
0.11905
0.00000
0.00000
0.59210
0.99976
0.00254
1.00000
0.64387
0.00000
0.22464
0.85582
0.00034
0.00001
0.97638
0.21319
0.00265
0.00022
0.05508
0.98922
0.00000
0.00003
0.87152
0.36895
0.22493
0.59756
0.00004
0.08080
0.92647
0.18566
0.11176
0.24691
0.99993
0.95554
0.56224
0.02688
0.60464
0.99063
1.00000
0.96722
0.93651
0.37855
1.00000
0.69219
0.99956
0.40959
0.99978
0.96985
1.00000
0.02122
0.02850
0.96170
0.00000
0.25709
0.95852
1.00000
0.00001
0.27863
0.62660
0.98166
0.00000
1.00000
0.08435
1.00000
0.57942
0.99994
0.00000
0.56553
0.99030
0.86126
0.20563
0.01290
0.80340
0.64099
0.51221
1.00000
0.99046
0.01642
0.99998
0.03056
1.00000
0.01411
0.26518
0.00010
0.36387
0.91786
0.99922
0.01598
1.00000
1.00000
0.60944
0.00004
0.59633
0.42393
0.00002
1.00000
0.00719
0.01472
1.00000
0.38199
0.00358
0.68893
0.96777
0.02874
0.99918
0.70276
0.99869
0.47938
0.04418
0.79063
0.00010
0.20894
0.92574
0.46808
0.00001
0.99966
0.00596
0.00098
0.03933
0.00177
0.00002
1.00000
0.00005
0.06545
0.00146
0.98703
0.90458
0.00001
0.20702
1.00000
0.53115
0.00000
0.00206
0.00009
0.99998
0.94532
0.65778
0.99960
0.01350
1.00000
1.00000
0.00000
0.00000
0.46738
1.00000
0.98572
0.73425
0.80606
0.02679
0.99610
0.99999
0.45066
0.98962
0.99782
0.73029
0.97345
0.21408
1.00000
0.00000
0.88616
0.88314
0.47584
0.99962
0.98981
0.63605
1.00000
0.42256
0.01307
0.81329
0.00000
0.00814
0.01246
1.00000
0.58020
0.99995
0.84853
0.99954
0.00000
0.50000
0.00019
1.00000
0.56016
1.00000
0.34460
0.99992
1.00000
0.41603
0.06990
0.00180
0.46096
1.00000
0.88649
0.00000
1.00000
0.00000
0.00004
1.00000
0.99992
0.00021
0.00003
0.13365
0.76383
1.00000
0.31079
0.04098
1.00000
0.00122
0.31408
0.00000
0.89650
0.00123
0.99999
0.85904
0.56338
0.00026
0.00000
1.00000
0.89626
0.03186
0.23846
0.99703
0.65137
0.09848
0.48304
0.88464
0.66656
1.00000
0.96553
0.99895
0.00000
0.93233
1.00000
0.00000
0.12499
0.99737
0.24432
0.26266
0.99270
0.00191
0.60922
0.06722
0.00073
0.99238
0.99241
0.01742
0.00397
1.00000
0.00466
0.02999
1.00000
1.00000
0.91932
0.87539
0.00000
0.70980
0.99471
0.23635
0.99314
0.99908
0.99933
0.06610
1.00000
0.00000
0.00000
0.81005
0.99816
0.00279
0.00000
0.99999
0.94109
0.87285
0.00072
0.85834
0.00265
0.95802
0.00000
0.01046
0.04487
0.94422
0.17342
0.00728
0.13898
0.00000
1.00000
0.02760
0.00003
0.00165
0.43551
0.00000
0.82256
0.99972
0.47643
0.00216
0.00005
0.95210
0.01785
0.11584
0.67202
1.00000
0.00000
0.00000
0.00000
0.48768
0.00000
0.00925
0.32827
0.00000
0.99989
0.57779
0.47062
0.47514
0.00108
0.00000
0.00010
0.87932
0.00000
0.99873
0.99998
0.00000
0.00000
1.00000
0.95498
0.92781
0.00004
0.99219
0.80650
0.12950
0.96219
0.19231
0.22505
0.00070
1.00000
0.99478
0.92078
0.00001
0.64803
0.72909
0.68479
0.81042
0.17479
0.00335
0.04931
0.00005
0.00075
0.00502
0.18117
0.14573
0.53934
0.79912
0.00000
0.83583
0.00043
0.89481
0.54651
0.00000
1.00000
1.00000
0.53770
0.00005
0.18131
0.09278
0.00001
0.99867
0.26861
1.00000
0.96188
0.99009
1.00000
0.02117
0.37820
0.27175
0.13520
0.49527
0.31914
0.15789
0.00000
1.00000
0.00068
0.00000
0.99989
0.04157
0.68078
0.00000
0.06125
0.98825
0.00001
0.87162
1.00000
0.95674
0.71221
0.99994
0.00003
0.30801
0.00001
0.99242
0.43836
0.00000
0.78348
0.49695
0.82143
0.82912
0.58045
0.00073
0.96925
0.05716
0.99983
0.87780
0.20766
0.82484
0.02044
0.73866
0.00057
0.95238
0.00000
0.99544
0.35817
0.77621
0.19531
0.00000
1.00000
1.00000
0.97555
0.97321
0.69593
1.00000
0.00000
0.74638
0.29782
0.09827
0.45132
0.01573
0.88133
0.49073
0.00015
0.00965
0.03470
0.03309
1.00000
0.00000
0.71581
0.75133
0.43185
0.50998
0.68205
0.33756
0.32594
0.79727
0.00002
0.99999
0.00009
0.10863
0.00196
0.99999
0.77319
1.00000
0.00934
0.00184
0.00067
0.60647
0.99354
0.05122
0.00188
0.74110
0.01130
0.72548
0.78848
0.10243
0.00762
0.31166
0.39998
0.60941
0.35306
0.87206
0.48576
0.00145
0.95368
0.77532
0.97475
0.30093
0.96090
0.41486
0.69951
0.13828
0.07467
0.00064
0.16788
0.99977
1.00000
1.00000
0.00000
0.13131
0.00286
0.00007
0.35376
0.36732
0.00000
0.99993
0.36638
0.54180
0.00000
0.09953
0.53441
0.94655
0.82968
0.99200
0.08136
1.00000
0.99998
0.99999
1.00000
0.98677
1.00000
0.99989
0.00863
0.00000
0.66563
0.99534
0.02963
0.00069
0.06315
0.99911
0.00001
1.00000
1.00000
0.39757
0.37526
0.95166
1.00000
0.81137
0.18587
0.99996
0.11772
1.00000
0.30810
0.59180
0.14552
0.99987
0.83039
0.26917
1.00000
0.94963
0.83932
0.00000
0.99680
0.98787
0.99999
0.99938
1.00000
0.99998
0.19434
1.00000
0.57216
0.87350
0.98895
0.98804
0.75112
0.93366
0.51601
0.99984
0.97684
0.08556
0.00923
0.60432
0.97021
0.00195
1.00000
0.99995
0.22239
0.10314
0.99201
0.92913
0.00000
0.98198
0.08241
0.10201
0.70119
0.52608
0.83830
0.00152
0.43388
0.99972
0.86127
0.00043
0.87995
0.91474
0.00022
0.94774
1.00000
0.13295
0.05075
0.00025
0.63192
0.99846
0.34372
0.99953
0.00307
0.97586
0.02888
0.02980
0.99738
0.30095
0.99982
0.99992
0.00000
0.08703
1.00000
0.00690
0.00000
0.99991
0.80086
0.63893
0.48952
0.96831
0.00365
0.59733
0.22511
1.00000
0.99571
0.99995
0.63145
0.03623
0.86247
0.99969
0.97887
0.99694
1.00000
0.43271
0.16134
0.12656
0.17936
0.00020
0.99995
0.99913
0.77352
0.29194
1.00000
0.00068
1.00000
0.99996
0.73270
0.81517
0.21708
0.00210
0.00021
0.83098
0.00012
0.39918
0.00000
0.98260
0.99858
0.00280
0.99426
0.40916
1.00000
0.00000
0.83352
0.11199
0.97694
0.00000
1.00000
0.37299
0.03772
1.00000
0.51512
0.85246
0.00000
1.00000
0.01348
0.94809
0.99662
0.37964
0.21118
0.00000
0.57389
0.73562
0.99979
0.07530
0.00010
0.00000
0.03821
0.99321
0.00056
0.00696
1.00000
0.53467
1.00000
0.99994
0.20240
0.27908
0.91408
0.99608
0.00000
0.40671
0.10187
0.98781
0.93492
0.30447
0.00006
0.01233
0.99944
0.05422
0.75567
0.62012
0.87851
0.00000
0.00001
0.99460
0.99848
0.08550
0.21889
0.00000
0.00000
0.27896
0.06420
0.94802
0.70220
0.89163
0.20976
0.99298
0.88076
0.10271
0.01302
0.00003
0.01145
0.18072
1.00000
0.46231
0.99674
0.05428
0.00000
0.99999
0.01622
0.01214
0.78348
0.00052
0.99996
0.03827
0.19452
0.99999
0.00382
0.00000
0.01730
0.00001
0.00002
0.02585
0.00002
0.01514
0.97294
0.00001
0.98741
0.00000
0.00000
0.00000
0.79617
0.01062
0.84169
0.00314
0.00000
0.02833
0.00003
0.76219
0.05219
0.13994
0.12982
0.00037
1.00000
0.21552
0.00000
0.01376
0.14690
0.45938
0.18525
0.00001
0.14589
0.00191
0.13267
0.99986
0.99863
0.13915
0.99981
0.00342
0.99971
0.00000
0.45647
0.99997
0.54064
0.54713
0.00000
0.15652
0.83024
0.99990
1.00000
0.99994
0.05523
0.95971
0.99948
0.00599
1.00000
0.99957
0.08178
0.98352
0.00001
0.72818
1.00000
0.99916
0.05374
0.01509
0.26699
0.53084
0.90463
0.77638
0.99766
0.96235
0.66982
0.99576
0.63979
0.87110
0.27593
0.28492
0.99995
0.97387
0.95930
0.75216
0.00097
0.97590
0.00000
0.23874
1.00000
0.97592
0.24189
0.78116
0.99711
0.99990
0.99997
0.00096
0.96707
0.99957
0.00000
0.99674
0.99985
0.85163
0.99597
0.99942
0.71715
0.94439
0.00129
1.00000
0.27053
0.36207
0.00928
0.00505
0.03562
1.00000
0.41757
0.05148
0.91536
0.83201
0.52092
0.45937
0.00000
0.42813
0.05562
0.65191
0.00442
0.50770
0.98897
0.90427
0.69387
0.00162
1.00000
0.00007
0.03890
0.30407
0.87254
1.00000
0.08367
0.02877
1.00000
0.65833
0.99845
0.63361
1.00000
0.66177
0.99692
0.00001
0.75915
0.00348
0.48450
0.48429
0.99962
0.09364
0.98736
0.99573
0.00007
0.99998
0.41134
1.00000
0.78335
0.29896
0.00003
0.49334
0.91473
0.94573
0.50877
0.02517
1.00000
0.97370
0.89156
1.00000
0.05468
0.10843
1.00000
0.00000
1.00000
0.00000
0.19119
0.99972
0.14678
0.44548
0.99728
0.00107
0.00000
1.00000
0.99971
1.00000
0.98783
0.02430
0.10772
0.06766
0.06386
1.00000
0.97195
0.99048
1.00000
0.99970
0.79442
0.83491
0.00005
0.41435
0.93698
0.99119
0.99987
0.45148
0.99989
1.00000
0.00051
0.99635
0.00615
0.99806
0.97212
0.00064
0.68348
0.95628
0.55714
0.84354
0.25766
0.05166
0.00224
0.99606
0.43908
0.01190
0.00730
0.01510
0.06737
0.81657
0.00000
0.55365
0.89461
0.16079
1.00000
0.99999
0.00957
0.50334
0.53389
1.00000
0.11089
0.52804
0.98830
0.60281
0.99191
0.83098
0.81079
0.51967
0.99960
0.28047
0.99978
0.76448
0.03505
1.00000
0.99237
0.99194
1.00000
0.95007
0.99755
0.98707
1.00000
0.99984
0.98236
0.24530
0.46664
0.97912
0.00000
0.01214
0.76945
0.00000
0.00747
0.32356
0.19298
0.99887
0.98256
0.00000
0.00012
0.16331
0.00000
0.07872
0.00735
0.84618
0.89732
0.50405
0.27350
0.00000
0.76701
0.33897
0.09878
0.00047
0.71954
0.77753
0.83540
0.79063
0.00000
0.99339
0.98171
0.33753
0.00002
0.00275
0.00022
0.03233
0.00987
0.00000
1.00000
0.09314
0.01969
0.06076
0.76612
0.99999
1.00000
1.00000
0.08263
0.98156
0.60140
0.68762
0.00000
1.00000
0.99775
1.00000
0.81312
0.00005
0.91285
0.00000
0.00696
0.00082
0.00002
0.09323
0.99963
0.04198
0.59577
0.95429
0.18691
0.91235
0.84482
0.00096
0.99996
0.08656
0.99777
1.00000
0.95434
0.78908
0.99899
0.00000
0.99540
0.13880
0.00029
0.99854
1.00000
0.00260
0.34841
1.00000
0.00611
0.69836
0.43212
0.99992
0.20732
0.73349
0.99979
1.00000
0.41767
0.00000
0.99931
0.99840
0.07214
0.09993
0.23662
0.80889
0.00000
0.99499
0.99880
0.99140
0.01222
0.91501
0.00109
0.78608
0.02155
0.30725
0.88773
0.00007
0.50793
0.02638
0.26863
0.75067
0.96998
0.98624
0.00001
0.00000
0.98053
1.00000
1.00000
0.32404
0.97100
0.26134
1.00000
0.82932
0.02908
0.99987
0.92517
0.94324
0.63968
0.00013
0.85159
0.01350
0.50000
0.56036
0.96748
1.00000
0.97492
0.00057
0.99754
0.10807
0.17949
0.10444
1.00000
0.00007
0.00000
0.00426
0.38451
0.00508
0.00007
0.44809
0.10901
0.00001
0.96225
0.00047
0.06209
1.00000
0.01476
0.70558
0.99957
0.63401
0.99541
0.99994
0.77183
0.85603
0.91055
0.82319
1.00000
0.00029
0.92760
0.03734
0.69343
0.44794
0.78391
0.99257
0.37549
0.85730
0.00000
1.00000
0.99486
1.00000
0.01337
0.85512
0.05300
0.13330
0.07214
0.00000
0.10844
0.03430
0.00415
0.57065
0.42139
0.95388
0.89455
0.00009
0.00000
0.00022
0.00000
0.31200
1.00000
0.28407
0.31616
0.00000
1.00000
0.99439
0.71587
0.84445
0.92892
0.99993
0.92163
0.64629
0.97834
1.00000
0.00000
0.44035
0.89145
0.16084
0.99449
0.90789
0.82144
0.48222
0.36147
0.99991
0.00002
0.01654
0.00000
1.00000
0.87897
0.00000
0.62702
1.00000
0.93298
0.53181
0.05189
0.99955
0.69914
0.02165
1.00000
0.07414
0.24746
0.79368
0.99999
0.07306
0.57989
0.99990
0.43302
0.00000
0.10237
0.00000
1.00000
0.30531
0.83261
0.57433
0.65958
0.00000
0.80554
0.00004
0.01154
0.99995
0.82449
0.00000
0.00028
0.57674
0.51174
0.02115
0.06949
0.00073
0.87072
0.74117
0.94201
0.00000
0.00000
0.99447
0.00002
0.00819
0.80750
0.10608
0.77456
0.59695
0.07930
0.00743
0.97480
1.00000
0.32643
0.00234
0.99609
0.99118
0.99890
0.02163
0.08761
0.52092
0.00000
0.46038
0.97974
0.87097
0.95915
0.27106
0.99905
1.00000
1.00000
0.00115
0.02387
0.45720
0.29251
0.99867
0.09327
0.00079
0.00001
0.99729
0.51830
0.84015
1.00000
0.99850
0.99988
0.00000
1.00000
0.00923
0.76024
0.42259
0.01700
0.50966
0.13250
0.99384
0.00251
0.27943
0.00114
0.01177
1.00000
0.50417
0.16688
0.08560
0.01276
0.07367
0.99952
0.01261
0.67040
0.99422
0.00000
1.00000
0.88379
0.99908
0.25876
0.15356
0.69159
0.50000
0.64811
0.00002
0.91186
1.00000
0.99996
0.08491
0.18623
0.00002
0.00000
1.00000
0.04582
0.28340
0.02411
0.00000
0.85813
0.92094
0.60040
0.71549
1.00000
0.00096
0.00000
0.00476
0.00001
0.10247
0.99461
1.00000
0.02127
0.70017
0.00383
1.00000
0.99983
0.97254
0.85754
0.03555
0.00000
0.11242
0.00000
0.01054
1.00000
0.36018
0.70776
0.53882
0.79912
0.00760
0.47362
0.25761
0.74821
0.22461
0.47181
0.32315
1.00000
0.76681
0.11489
1.00000
0.00004
0.00004
0.00060
1.00000
1.00000
0.89257
0.00000
0.00001
0.19048
1.00000
1.00000
0.98717
0.28955
0.00165
0.50354
0.00028
0.00832
0.09297
0.01025
0.99998
0.94063
0.00000
1.00000
0.58861
1.00000
0.90579
0.00053
0.97714
0.00000
1.00000
0.45031
0.02916
0.99938
0.08314
0.39382
0.01414
0.17138
0.00107
0.01017
0.00122
0.10178
0.06148
0.07716
0.00006
0.01101
0.26701
0.00013
0.00020
0.98767
0.00000
0.09169
0.00000
0.99888
0.72398
0.18645
0.98541
0.00789
0.78592
0.00000
0.92127
0.99851
0.00054
0.00552
0.32038
0.00219
0.39241
0.46026
0.99998
0.00000
0.00000
0.00152
0.00360
0.95103
0.00000
0.25465
0.00002
0.00000
1.00000
0.01397
0.33829
0.99995
0.99768
0.94365
0.48242
0.99941
0.22408
1.00000
0.00428
0.00234
0.29223
0.82846
0.19869
0.64671
0.54155
0.00000
1.00000
0.00183
0.00000
0.25847
0.99854
0.00641
0.83152
0.09232
1.00000
0.63690
0.98799
1.00000
0.59626
0.00676
0.01300
0.90014
0.00129
0.99993
0.99994
0.22002
1.00000
0.00000
0.00000
0.07118
0.90969
0.00000
0.11966
1.00000
0.99887
0.99944
0.99657
0.65388
0.00937
0.61803
0.31101
0.66108
0.00000
0.24748
0.12849
1.00000
0.29547
0.98447
0.02460
0.12600
0.00003
1.00000
0.81702
0.00000
0.95088
1.00000
0.50266
0.99999
0.99999
0.22829
0.99478
0.00208
0.26833
0.01384
0.16163
0.73730
0.48122
0.74544
0.99989
1.00000
1.00000
0.99522
0.94209
0.93939
0.83802
0.99606
0.40172
0.49228
0.99448
0.00001
0.00477
0.99999
0.40667
0.11966
0.99112
0.96805
0.05304
0.51234
0.05759
0.03168
0.51392
0.71824
0.95799
0.00001
0.00039
0.95463
0.00001
0.01826
0.99980
0.90958
0.00308
0.35617
0.92660
0.97978
0.00032
0.96550
0.73612
0.98407
0.00000
0.30664
0.99952
0.97268
0.00103
0.66009
0.03616
0.99268
0.92529
0.98347
0.90351
0.00000
0.35246
0.00001
0.00000
0.36954
0.00000
0.87361
0.00000
0.00001
0.00203
0.89530
0.00216
0.24451
0.00043
0.00004
0.00000
0.00000
0.96263
0.18797
0.81865
0.04500
1.00000
0.93420
0.00104
0.98009
1.00000
0.91248
0.91164
0.72315
0.00000
0.99957
0.94309
0.83546
0.23570
0.45807
1.00000
0.00000
0.04446
0.00008
0.00477
0.00031
0.01691
0.26234
1.00000
0.31469
0.99993
0.66241
0.00111
1.00000
0.00028
0.68307
0.99824
0.99992
0.45845
0.37983
0.47187
1.00000
0.43515
0.99726
0.04091
0.00000
0.61893
0.00307
0.99721
0.41218
0.16143
0.99828
0.62770
0.99786
0.00030
1.00000
0.11155
0.00000
0.99094
0.00110
0.00000
0.00000
0.99912
0.99999
0.00000
0.99993
0.00014
1.00000
0.29326
0.00000
0.00001
0.00186
0.00004
0.99601
0.03460
0.00251
0.10906
0.01596
0.99989
0.97575
0.00051
0.58928
0.47108
0.25040
0.57921
1.00000
0.14729
1.00000
0.00272
0.61227
0.00000
0.00000
0.97433
0.00192
1.00000
0.70916
0.00114
0.00682
0.00001
0.64188
0.99539
0.00625
0.99167
0.99892
0.36465
1.00000
0.00000
0.00010
1.00000
0.00223
0.00153
0.00004
0.13869
0.99714
0.01466
0.24782
0.84988
0.00022
0.95387
0.99999
0.91519
0.34235
0.00000
1.00000
1.00000
0.20210
0.00160
0.68819
0.00250
0.00000
0.98402
0.01732
1.00000
0.00000
0.99944
0.92279
0.00193
0.66019
0.35343
0.01858
0.00000
0.83181
0.99976
0.58817
0.00086
1.00000
0.01982
0.99999
0.00010
0.85592
1.00000
0.99999
0.06022
0.99805
0.99920
0.00440
0.36195
0.84096
0.89156
0.00000
0.12907
0.94214
0.86599
1.00000
0.00407
0.13259
0.00131
0.99231
0.28832
0.99424
1.00000
0.08608
1.00000
0.19378
0.72046
0.87408
0.19059
1.00000
1.00000
0.00000
1.00000
0.22083
0.00000
0.00000
0.97844
1.00000
0.00000
0.61214
0.99979
0.80726
0.95350
0.00044
0.90677
1.00000
0.00000
0.58694
0.75757
1.00000
0.96911
1.00000
0.68610
0.00000
0.00016
0.62602
0.16166
0.99949
0.95028
1.00000
0.98052
0.06910
0.00001
0.99218
0.92552
1.00000
0.63525
0.28247
0.99843
0.00000
1.00000
0.81434
0.99095
0.00023
0.01415
0.00001
1.00000
1.00000
0.32534
0.45306
0.26768
0.00000
0.72760
0.00000
0.00000
0.41376
0.88706
0.02750
0.78780
0.60040
0.65307
0.00102
0.00006
1.00000
0.00039
0.00000
0.87685
1.00000
0.00967
0.68124
0.02229
0.98475
1.00000
0.99999
0.98669
0.49640
0.75784
0.21990
0.12565
0.00198
0.99998
0.11587
0.00000
0.31735
0.18976
1.00000
1.00000
0.99786
1.00000
0.69118
0.00003
0.98049
1.00000
0.97263
0.00346
0.99781
0.32692
0.00083
0.05255
0.30165
0.33282
0.99998
0.00012
0.95068
0.84224
0.68191
0.05945
1.00000
0.00611
0.99785
0.56889
0.00000
0.99899
0.19934
0.07195
0.99943
0.00598
0.99793
0.01906
0.00000
0.00644
1.00000
0.13766
0.38952
1.00000
0.98610
0.99921
0.45026
0.09648
0.99678
0.32897
0.58662
0.85837
0.99171
1.00000
1.00000
1.00000
0.24403
0.99455
0.36009
1.00000
0.46657
0.25786
0.00000
0.99912
0.96725
0.95341
0.07489
1.00000
0.20429
1.00000
0.58972
0.28419
1.00000
0.99988
0.72465
0.00000
0.99838
0.81449
0.99994
0.00000
0.21247
0.54645
0.94550
0.00000
0.00000
0.99938
0.23600
0.00665
0.29181
0.00103
0.00009
0.00000
0.99878
0.99790
0.90096
1.00000
0.87303
0.16275
0.94062
0.00000
0.00005
0.01091
0.98553
1.00000
0.00000
0.23197
0.99815
0.00008
0.99489
0.13484
0.98747
0.00566
0.99979
0.37295
0.00269
0.00000
0.99921
1.00000
0.99875
0.07146
0.10215
0.75641
0.99999
0.19338
0.14972
0.99986
0.00339
0.51939
0.73622
1.00000
0.00003
0.85949
0.99998
0.15912
0.48756
0.01744
1.00000
0.97154
0.34994
0.30278
0.00000
0.11236
0.03998
0.03748
0.00002
0.00000
0.00050
0.95871
0.26347
0.72444
0.60793
0.00373
0.99391
0.00055
1.00000
0.01445
0.30506
0.77299
0.00200
0.39153
1.00000
0.00865
0.09031
0.39897
0.27251
0.14645
0.99994
0.99999
0.93983
0.74698
0.12731
0.17764
0.00000
0.99841
1.00000
0.21687
0.00527
0.00280
0.66163
0.99795
0.00000
0.97016
0.99968
0.00286
0.00000
0.86232
0.99983
0.83060
0.01210
0.76365
0.00000
0.99992
0.40601
0.99944
0.10916
0.87505
0.00000
0.00000
0.67952
0.10387
1.00000
0.33535
0.00000
0.53720
0.29389
0.00000
0.49696
0.99982
1.00000
0.00002
0.72903
0.02668
0.99116
0.00000
0.08115
0.17295
0.99998
0.00779
0.00559
0.00335
0.01486
0.82951
0.00303
0.31568
0.00012
0.99892
0.00000
0.96666
1.00000
0.72438
0.99999
0.97632
0.88270
0.00029
0.33560
0.45970
0.00090
0.00274
0.81721
0.00313
0.00004
0.55792
0.99986
0.00000
0.69817
0.00847
0.96388
1.00000
0.12028
0.00001
0.00000
0.00000
0.10948
0.99969
0.00210
0.00091
0.99949
1.00000
0.91541
0.00892
0.12450
0.99994
0.95089
0.99945
0.09073
0.98361
0.00000
0.43453
0.95856
0.65403
0.93027
0.48170
0.00000
0.26309
0.99608
0.96128
0.41902
0.51171
0.99975
0.21445
0.00000
0.99914
0.02210
0.00000
0.85926
0.99993
1.00000
0.00006
0.99976
0.23508
0.72636
0.09038
0.00000
0.00005
0.98496
0.68514
0.84277
0.99090
0.56171
1.00000
0.98480
0.98549
0.79632
0.67877
0.33933
0.14103
0.01725
0.31047
0.00292
1.00000
0.39524
0.75526
0.49617
0.01924
0.06947
0.99201
0.91914
0.62222
0.80531
0.11821
0.04130
0.08167
0.92002
0.06363
0.00000
0.41465
0.95070
0.99996
0.00201
0.00097
0.62308
0.11101
0.41207
0.23373
0.96371
0.83045
1.00000
0.63956
0.99877
0.58430
0.00000
0.00000
0.75164
0.03848
0.63218
0.00000
0.99995
0.00000
0.87309
0.58625
0.00000
0.00000
0.00400
1.00000
1.00000
0.99750
0.98932
0.77101
1.00000
0.00222
0.64034
0.00153
0.00029
0.00000
0.10663
0.23492
0.99994
1.00000
0.92733
0.47608
0.91220
0.00168
0.24607
0.14076
0.99998
0.00332
0.94003
0.00056
0.24313
0.99976
0.76086
0.53821
1.00000
0.97912
0.00000
0.72481
0.65053
0.66573
0.35051
0.36973
0.99796
0.34846
1.00000
0.99918
0.00029
0.00407
0.59929
0.33624
0.34066
0.00000
0.91242
1.00000
0.00000
0.13908
0.57047
0.24026
0.99385
0.00029
0.05130
0.87151
0.24393
0.00000
0.00003
0.00191
0.05265
0.99799
0.00055
0.32344
0.00004
0.75383
0.00030
0.99839
0.33713
0.23363
0.93572
0.00144
0.55000
0.76724
1.00000
0.00067
0.08458
0.98764
0.99996
0.57269
0.00000
0.12635
0.00000
1.00000
0.00210
0.38508
0.13792
0.00000
0.00400
0.56585
0.00198
0.79950
0.88000
0.76624
0.32928
0.99993
0.83515
0.70489
0.40501
0.96595
0.70733
0.00080
0.87148
0.89478
0.01797
0.95553
0.52696
0.37249
0.07511
0.74278
0.76677
0.75054
0.11865
0.00059
0.89872
0.00000
0.00000
0.99997
0.00132
0.99996
0.63144
0.00000
0.98786
0.30172
0.05932
0.99998
0.45228
0.00000
0.99995
0.61301
0.06444
1.00000
0.00000
0.00552
0.54232
0.99986
0.00596
0.60681
0.33346
0.96931
0.00000
0.99575
0.89134
0.94954
0.44225
0.09186
0.99707
0.71324
1.00000
0.00000
0.99982
0.64924
0.68633
0.97319
0.77174
0.99993
0.09208
0.95525
0.92234
0.39195
0.65435
1.00000
0.37697
0.99930
0.00453
0.00000
0.75003
0.33171
0.00004
0.99984
0.01006
0.25253
0.03166
0.47720
0.00000
0.52173
0.04168
1.00000
0.06582
0.74259
0.00007
0.99767
0.00007
0.98737
0.92693
0.00437
1.00000
0.95257
0.00000
0.00339
0.71599
0.00496
0.08803
0.11564
0.48201
0.99938
0.00287
0.00000
0.02650
0.87559
0.07888
0.99867
0.97414
0.99998
0.13399
0.22897
0.72628
0.00511
0.26015
0.00002
0.00000
0.44050
0.98841
0.19356
0.03097
0.36458
0.86165
0.66451
1.00000
0.98690
0.94510
0.19448
1.00000
0.00000
0.99903
0.00038
0.97755
0.99946
0.00000
0.54081
0.99974
0.00220
0.00002
1.00000
0.99798
0.99964
1.00000
0.45099
0.99747
0.19189
0.00114
0.24777
0.05354
0.81325
0.01187
0.44654
0.00000
0.81167
0.25003
0.19934
0.81598
0.22957
0.00006
0.99983
0.85034
0.79752
0.00000
0.00047
0.99986
0.00332
0.00000
0.72439
1.00000
0.54182
0.01329
0.54110
0.84827
0.99999
0.26804
0.00006
0.33161
0.99955
0.30513
0.00314
0.72276
1.00000
0.03649
1.00000
0.00358
0.73755
0.30047
0.50000
0.91990
0.85062
0.18731
1.00000
0.00412
0.41786
0.14511
0.00152
0.08689
0.20047
0.49213
0.00000
0.00878
1.00000
0.99991
0.99868
1.00000
0.45246
0.50748
0.64080
1.00000
0.43924
1.00000
0.00473
0.00000
0.33809
1.00000
0.00004
0.99865
0.76325
0.15156
0.82043
0.03772
0.00156
0.40675
0.88997
0.99999
0.99978
0.00000
0.00000
0.00024
0.00000
0.98691
0.00056
0.99228
0.29296
0.99731
0.00000
0.82887
0.03998
0.00000
0.98701
0.54676
0.26344
0.36870
0.00035
1.00000
0.99347
0.99984
0.92119
0.00262
1.00000
0.04473
0.42543
0.00029
0.00008
0.00000
0.76310
0.62590
0.94775
0.55702
0.81687
0.79242
0.62910
0.99679
0.00000
0.43954
0.99983
0.99763
0.76355
0.10619
1.00000
0.77936
1.00000
0.00000
0.99822
0.99075
0.00002
0.31181
0.00000
0.47844
0.00000
0.87634
0.98924
0.47493
0.00000
1.00000
0.01253
0.16308
0.00000
0.99999
0.16287
0.00997
1.00000
1.00000
0.33034
0.09963
0.99031
0.00000
1.00000
0.54587
1.00000
0.85100
0.15468
0.99923
0.08708
1.00000
1.00000
1.00000
0.06846
0.99182
0.00000
0.07028
0.98586
0.33228
0.01508
0.98998
0.05398
0.00053
0.00216
0.00001
0.00344
1.00000
1.00000
0.66908
0.77427
0.01828
0.00006
0.79735
0.62662
0.00000
0.00174
0.01514
0.09969
1.00000
0.91766
0.95478
1.00000
0.98972
0.99989
0.26599
1.00000
0.00000
0.43698
0.00001
0.01261
0.97065
0.84164
0.01001
0.99999
0.00000
1.00000
1.00000
0.00000
0.17744
0.18338
1.00000
0.98384
0.45462
0.63150
0.55308
0.98580
0.14337
0.45098
0.82381
0.00058
0.01378
0.05685
0.99912
0.83953
0.88398
0.25770
0.92478
0.02319
0.53832
1.00000
0.00000
0.00377
0.99970
0.67337
0.99485
0.15754
0.99898
0.09695
0.30618
0.00030
0.23401
0.00021
0.00000
0.93772
0.96708
0.00000
0.20741
0.11902
0.14187
0.00000
0.00000
0.53356
0.00000
0.06185
1.00000
0.99518
0.99937
0.00000
0.34387
0.00057
0.98867
1.00000
0.05487
0.00000
0.00000
0.00000
0.48079
0.00000
0.04411
1.00000
0.57288
0.38898
0.04356
0.00000
0.00000
0.14849
1.00000
0.03072
0.99970
1.00000
1.00000
1.00000
0.01888
0.00000
0.96098
0.43452
0.00000
0.43197
0.00379
0.00025
0.97544
0.31658
1.00000
0.99990
0.09453
0.99854
0.01893
0.99917
0.99997
1.00000
0.63500
0.15265
0.24948
0.00095
0.99214
0.62025
0.86651
0.57367
0.00932
0.00000
1.00000
0.00626
0.00000
0.00000
0.00040
0.10709
1.00000
1.00000
0.00000
0.55940
0.19829
0.41321
0.58249
0.00000
0.14812
0.43341
0.13115
0.99714
0.75391
0.99998
1.00000
0.00221
0.00000
0.00479
0.35762
0.86305
0.00001
1.00000
0.00000
0.01812
0.93182
0.07986
0.00000
0.33704
0.74139
0.42458
0.51469
0.63899
0.00000
0.55581
0.00001
1.00000
0.00000
0.00379
0.85681
1.00000
0.39520
0.26667
0.01519
0.60978
0.59678
0.67377
0.89615
0.22610
0.00000
0.27716
0.00000
0.97761
0.99489
0.91145
0.89131
0.26526
0.99857
0.17983
0.00058
0.00000
0.00015
0.03615
0.00634
0.00000
0.90206
0.00000
0.62697
0.11402
0.28621
0.72738
0.18689
1.00000
0.01362
0.00001
0.40647
1.00000
0.36434
0.22825
0.00047
0.00001
0.64522
0.27873
1.00000
0.00001
0.21901
0.90146
1.00000
0.37667
0.75413
0.67397
1.00000
0.82452
0.12766
0.00141
0.66362
0.00051
0.00338
0.88736
0.00006
0.00011
0.82589
0.99806
0.09770
1.00000
0.00000
0.67539
0.00031
0.43563
0.25745
0.92018
0.21675
0.00007
0.08152
0.00073
0.98826
0.89237
0.99930
0.64651
0.13628
0.17112
0.06105
0.00000
0.01161
0.27862
0.86069
0.69317
0.90516
0.05704
0.66335
0.11035
0.08905
0.09801
0.00279
0.99433
0.12521
0.99975
0.00000
0.93007
0.98944
0.00000
1.00000
0.95107
0.94324
0.99565
0.00000
0.00000
0.80302
0.26129
0.97291
1.00000
0.17704
0.02885
1.00000
0.00000
0.23425
0.29574
0.99998
0.82942
0.52595
0.87790
0.43023
1.00000
0.99730
0.99997
0.07369
1.00000
0.99854
0.30165
0.00000
0.09293
0.99849
1.00000
0.23741
1.00000
0.98933
0.46040
0.73586
0.40217
0.66807
0.89247
0.97463
0.00046
0.33443
0.17429
1.00000
0.00782
0.88547
0.95747
0.39171
0.02082
0.10805
0.08121
1.00000
0.76840
0.99979
0.00676
0.99951
0.00000
0.72379
0.00000
0.99974
0.99988
0.00449
0.97848
0.00023
0.30868
1.00000
0.99437
0.94440
0.00000
0.99954
0.98870
0.06200
0.99999
0.00564
0.00022
0.49585
0.00002
0.00000
0.82359
0.07404
0.19924
0.09351
0.99939
1.00000
0.00239
0.00000
0.03082
1.00000
0.72384
0.00000
0.19882
0.51240
0.00000
0.75858
0.99744
0.03077
1.00000
0.66660
0.00066
0.28110
0.99894
0.78005
0.19940
0.79264
1.00000
0.41623
0.00000
0.97415
0.00025
0.77153
0.63419
0.12076
0.99516
0.46362
0.03698
0.48111
0.16840
0.98368
0.10772
0.00000
0.00000
0.46353
0.59789
0.74242
0.98383
0.75463
0.18875
0.78471
0.99949
0.46863
0.39597
0.00040
0.09370
0.72060
0.27309
0.00845
0.01998
0.81037
0.99022
0.99801
0.99711
0.72781
0.67330
0.99993
0.99987
0.99990
0.06455
1.00000
0.00083
0.45721
0.00903
0.00030
0.35551
0.08279
0.01025
0.59573
0.99988
0.71815
0.99211
0.11027
0.06072
0.33252
0.98730
0.99155
0.12624
0.00086
0.61763
0.99723
0.78265
0.99957
0.07471
1.00000
0.27247
0.11630
0.36574
0.00005
0.12277
0.99999
0.00000
0.97383
0.04192
0.00000
0.17659
0.65705
0.96349
0.30905
1.00000
0.98091
1.00000
0.89036
0.15985
0.79777
0.00152
0.00013
0.51618
0.00442
1.00000
0.00000
0.00000
0.00006
0.05366
0.81573
0.14064
0.00000
0.99986
0.97690
0.00000
0.55962
0.00026
0.76897
0.66700
0.00000
0.69113
0.07759
1.00000
0.00546
0.83822
1.00000
0.79591
0.93061
0.00475
0.98484
0.99973
1.00000
1.00000
0.00000
0.16477
1.00000
0.04843
0.00000
0.53408
0.91118
1.00000
0.03903
0.89278
0.00000
0.93926
0.00002
0.63711
0.31416
0.99147
0.00000
0.95460
0.07323
0.01544
0.00000
0.54233
0.99948
0.49545
0.00168
0.99968
0.98083
0.56838
0.00001
0.06665
0.64526
0.08164
0.99993
1.00000
0.77600
0.82747
0.00000
1.00000
0.44786
1.00000
0.99344
0.34489
0.34963
0.49318
0.99523
0.99618
1.00000
0.00000
0.00139
1.00000
0.00255
1.00000
0.00527
0.86774
0.01318
1.00000
0.03080
0.85671
0.00004
1.00000
0.69931
0.99999
0.01256
0.98935
0.00322
0.97510
0.00048
0.99903
0.92921
0.00075
0.00000
0.00000
0.64029
0.75837
1.00000
0.02435
1.00000
0.17648
0.00835
1.00000
0.47589
1.00000
0.99777
0.00002
0.44201
0.15433
0.98825
0.06911
0.86107
0.00000
0.99972
0.00001
0.05454
0.00000
0.98277
0.54514
1.00000
0.02954
0.68166
0.98693
0.99951
0.41058
0.00000
0.06297
0.44801
1.00000
0.99999
0.00000
0.00462
0.95797
0.04677
0.99030
0.98577
0.51891
0.00006
0.81165
0.58527
1.00000
0.00224
0.00010
0.10163
0.00000
1.00000
0.93928
0.90408
0.00000
0.89487
1.00000
0.39091
0.00000
0.09180
0.00047
0.62139
0.62800
0.52371
0.00246
0.99896
0.28447
0.00275
1.00000
0.99984
0.65476
0.00442
0.00026
0.96688
0.99857
1.00000
0.22166
0.00000
0.01118
0.00502
0.00041
0.03457
0.00003
0.23285
0.68636
0.99999
1.00000
0.00000
0.55400
0.85705
0.00156
0.99996
0.00000
0.00005
0.02578
0.00032
0.99975
0.99790
0.88896
1.00000
0.00000
0.97874
0.99872
0.00005
0.80663
0.99878
0.65709
0.00305
0.60006
1.00000
0.98473
0.00062
0.99875
0.15774
0.71649
0.17814
0.46311
0.12207
0.07393
0.15746
0.63166
0.00077
0.89026
0.65733
1.00000
0.02100
1.00000
0.99897
1.00000
0.00000
1.00000
1.00000
0.04350
0.99999
1.00000
0.99982
0.01804
0.99988
0.82023
0.99758
0.00000
0.00000
0.94430
0.00435
0.00000
0.00028
0.97841
1.00000
0.95244
0.16781
0.87452
0.00632
0.99421
0.32677
0.35078
1.00000
0.00224
0.60824
0.52543
0.81844
0.99999
0.61388
0.01124
0.99999
1.00000
1.00000
0.99950
0.86614
0.00003
0.66664
0.11386
1.00000
0.99650
0.00248
0.99967
0.03624
0.83311
1.00000
0.32615
0.79798
0.99997
0.82695
0.00006
1.00000
0.91192
0.93777
0.00020
0.06952
0.62247
0.00000
0.83349
0.18849
0.00001
0.00374
0.00083
0.69467
0.06218
0.00001
0.05140
0.00000
0.54218
0.57009
0.04846
0.94960
0.59586
1.00000
0.03237
0.78963
0.12534
0.98598
0.00000
0.00320
0.12782
0.37898
0.07625
1.00000
0.66333
0.00021
0.93814
0.95146
0.11883
0.99988
0.39855
0.46624
0.98731
0.62315
0.99635
0.00000
0.00000
0.29651
0.00489
0.71474
0.91273
0.98606
1.00000
0.36595
0.86786
0.06344
0.00045
0.15715
0.89605
0.89506
0.87525
0.24042
0.79996
0.00000
0.05172
0.00000
0.99947
0.65042
0.31679
0.52231
0.70393
0.99999
0.94325
0.06725
0.00015
0.00000
0.99307
0.00000
0.18769
0.00000
1.00000
0.99903
0.00003
0.00164
0.00000
0.30679
0.13974
0.98618
0.64782
0.95860
0.04602
0.56548
0.50000
0.99993
0.01039
0.61103
0.01191
0.98293
0.00000
0.99890
0.06658
0.19737
0.98008
0.12562
0.66461
0.99999
0.92971
0.99905
0.99836
0.99999
0.11852
0.97487
0.95750
0.99999
1.00000
0.99454
0.99895
0.00212
0.03818
0.93329
0.46755
0.64226
0.99638
0.99920
0.37814
0.90757
0.47903
0.00166
0.00000
0.02273
0.99996
0.29440
0.27202
0.95523
1.00000
0.03043
0.00299
0.63338
0.38663
0.33757
0.72677
0.00015
0.41432
0.02985
0.95625
0.00675
1.00000
0.18238
0.00773
0.12196
0.98942
0.06859
0.99999
0.00000
0.11717
0.98692
0.99897
0.34118
0.97134
1.00000
0.09332
0.01393
0.99934
0.99947
0.04793
0.00001
1.00000
1.00000
0.66387
0.00054
0.66229
0.83039
0.82219
0.83261
0.58793
0.00069
0.22100
1.00000
0.87972
0.99997
0.99981
0.18107
0.99999
0.99995
0.01826
0.87366
0.80013
0.00000
0.99521
1.00000
0.00006
0.00000
0.99999
0.98063
0.15443
0.90534
1.00000
0.00338
0.97304
0.86855
0.99933
0.00000
0.00448
0.28251
1.00000
0.24988
1.00000
0.96367
0.44923
0.97412
0.00081
0.73501
0.38490
0.01459
0.13130
0.00000
0.00000
1.00000
0.92588
1.00000
0.00011
0.58579
0.06179
0.88165
0.00000
0.99971
0.69183
0.99670
0.00001
0.18790
0.00000
0.00014
0.00000
0.56974
1.00000
0.49711
1.00000
0.32404
0.00000
0.94095
0.01880
1.00000
0.26934
0.08832
0.00000
0.00000
0.98389
0.00165
0.00001
0.37838
0.12623
0.07048
0.76263
0.00409
0.85062
0.99997
0.01985
1.00000
0.04583
0.77467
0.00000
0.95161
0.01070
0.73694
1.00000
0.07766
0.91216
0.02719
0.31338
0.52886
0.00511
0.99890
1.00000
0.11743
0.94645
0.20578
0.84319
0.95020
0.12080
0.97349
0.98261
0.00000
0.00186
0.02560
1.00000
0.98689
0.00000
0.71596
0.60221
0.70897
0.64760
1.00000
0.52977
0.28535
0.00024
0.52497
0.99967
0.00004
0.66110
0.00000
0.22974
0.98390
0.00930
1.00000
0.44650
0.29430
0.36923
0.38242
0.12353
0.98731
0.89171
0.06257
0.99719
0.96321
0.44404
0.00000
0.62653
1.00000
0.00002
1.00000
0.98488
0.99999
0.74642
0.01903
0.02095
0.67508
0.00000
0.00259
1.00000
0.60219
0.96104
0.00000
0.99993
0.00062
0.96097
0.99106
0.51495
0.68342
0.99965
0.48603
0.64885
0.04605
0.99864
0.25265
0.97685
0.00059
0.33790
0.99991
0.99828
0.00000
1.00000
0.97893
0.05870
0.00000
0.00000
1.00000
0.27452
0.30233
0.00002
0.99999
0.97798
0.99999
0.99881
0.00049
0.87789
0.00230
0.12566
1.00000
0.54286
0.94434
0.97752
0.00001
0.09034
0.08276
0.88934
0.99758
0.08103
0.42919
0.00000
0.18642
0.99532
0.37163
0.00006
0.16246
0.00000
0.00000
1.00000
0.00039
0.08760
0.89669
0.92110
0.00000
0.93582
0.68230
0.46834
0.00000
0.61429
0.99304
0.99360
0.76801
0.84705
0.00000
0.08688
0.99997
0.47951
0.95688
0.00000
0.43951
1.00000
0.38450
1.00000
0.99586
0.99909
0.00726
0.56071
0.96369
1.00000
0.00091
0.10099
0.92168
0.13152
0.34029
0.99449
0.80530
1.00000
0.43212
0.99984
0.03314
0.05930
0.93155
0.19640
0.86027
0.99950
1.00000
0.57457
0.89971
0.00000
0.00000
0.16060
0.00222
0.09204
1.00000
0.62896
0.33604
0.00000
0.42217
1.00000
0.00000
1.00000
0.91432
0.87431
0.00000
0.43141
0.25691
0.99533
0.99991
0.34827
1.00000
0.69996
0.60254
0.83605
0.00009
0.40735
0.62412
0.85558
0.00000
0.99663
0.99795
0.89154
1.00000
0.99985
0.99987
0.00384
0.99162
0.08927
0.29271
0.40727
0.99997
0.43949
0.00395
0.58240
0.32093
0.28648
0.85311
1.00000
0.00000
1.00000
1.00000
0.33886
0.89057
1.00000
0.17003
0.67871
0.00641
0.05564
0.97075
0.97904
0.09635
0.26491
1.00000
0.90016
0.99694
0.99271
0.99980
0.96138
0.67763
0.73731
0.98048
0.94809
0.63725
0.98016
0.00794
0.63266
1.00000
0.00000
0.00000
0.87637
0.00264
1.00000
0.09009
1.00000
0.99993
0.40507
0.44333
0.96702
1.00000
0.01153
0.94975
0.99046
0.01536
0.00055
0.00000
0.90902
0.99975
0.00031
0.00020
0.01002
0.34311
0.91280
0.99966
0.69766
0.00000
0.07089
0.99992
0.05368
0.41587
0.03270
0.00114
0.08088
0.50309
0.02964
0.21728
0.00098
0.39605
1.00000
1.00000
0.89825
0.96522
1.00000
0.96856
0.03823
0.82985
0.99982
0.30019
0.99395
0.99947
0.99998
0.04128
0.98858
0.89564
0.99338
0.89352
0.50402
0.00000
0.99095
0.68205
0.00019
0.00000
1.00000
0.80654
0.94397
0.00000
0.00000
0.06105
1.00000
0.99487
0.99286
0.56480
0.91219
0.00134
0.22791
0.99715
0.05555
1.00000
1.00000
0.99996
1.00000
0.79711
0.52904
0.00000
0.00000
0.00000
0.98036
0.99808
0.45396
0.11150
0.00287
0.70059
0.36226
0.00000
0.00000
0.12564
0.16559
0.18592
0.94605
0.88724
0.00002
0.19890
1.00000
0.46265
0.00000
0.51825
0.00066
0.31662
0.98897
0.00085
0.68973
0.73092
0.11964
0.70300
0.99996
1.00000
0.99706
0.96408
0.00025
0.84928
0.00038
0.28157
1.00000
0.03423
0.00668
0.96836
0.44431
0.80705
0.74389
0.03055
0.93014
0.39300
0.11654
0.57151
0.84275
0.96451
0.00374
0.99559
0.35723
0.02732
1.00000
0.45606
0.92463
0.99899
0.00236
0.02767
1.00000
0.00000
0.58796
0.02554
0.99979
1.00000
0.30076
0.00000
0.96546
0.93574
0.00150
0.67724
0.00000
0.72895
0.01437
0.51794
0.00006
0.08806
0.79248
0.99939
0.98157
0.16038
1.00000
0.20728
0.36234
1.00000
0.97389
0.97881
0.01722
0.29110
0.95529
0.33881
0.95952
1.00000
0.00000
0.03426
1.00000
0.04025
0.69638
1.00000
1.00000
0.99997
0.61798
0.00000
1.00000
0.99999
0.00002
0.10164
0.18685
0.45028
0.04775
0.75159
0.98433
0.00011
0.99514
0.37491
0.03770
0.99518
0.08910
0.99979
1.00000
1.00000
0.83791
0.99500
0.63421
0.99737
0.86004
0.76880
0.00000
0.12427
0.65334
0.25665
0.67850
0.00000
0.52852
0.00025
0.99715
0.03948
0.00000
0.99080
0.00033
0.99812
1.00000
0.99976
1.00000
0.01610
0.05792
0.00192
0.99725
0.00181
0.77124
0.99961
1.00000
1.00000
0.00085
0.00000
0.93887
1.00000
0.26521
0.56168
0.81458
0.99999
0.96925
0.65637
0.98548
0.43178
0.47017
1.00000
0.99978
0.37230
0.28053
0.72039
0.11858
0.00143
0.94065
0.04238
0.84517
0.98565
0.57609
0.78545
0.01742
0.43965
0.13498
0.05419
0.00035
0.90040
0.00241
1.00000
0.99943
0.99744
0.07192
0.32489
0.00010
0.94494
0.74675
0.02034
0.77054
1.00000
0.00022
0.43560
0.99203
0.99874
0.15036
0.46597
0.87402
1.00000
0.99962
0.92021
0.99965
0.94331
0.99866
0.98784
0.98759
0.03958
0.46082
1.00000
0.08908
0.66897
0.99047
0.90756
0.00067
0.00000
0.00028
0.99285
0.90179
0.00000
0.98807
0.80657
0.12220
1.00000
0.68068
0.00000
0.97065
1.00000
1.00000
0.42431
0.85318
0.99372
0.06692
1.00000
0.33565
0.00000
0.38829
1.00000
1.00000
0.00000
0.99829
0.01741
0.37329
0.28910
0.02752
0.98081
0.38052
0.02851
0.00000
0.60184
0.00000
0.00001
0.06146
0.00008
0.97340
0.45512
0.00844
0.00000
1.00000
0.17008
0.95986
0.97955
0.00000
0.99858
0.00007
0.00000
0.99376
0.73072
0.00753
1.00000
0.01504
0.07678
1.00000
0.71638
0.00002
0.45124
0.00003
0.03643
0.77679
0.03147
0.04446
0.98364
0.00093
0.93593
0.99999
0.00000
0.99973
0.00044
0.08729
0.00240
0.00000
0.00024
0.00217
0.00015
0.42256
0.00026
0.10049
0.08140
0.99090
0.00082
0.00033
1.00000
0.90911
0.00000
0.86931
0.53820
0.90305
0.01000
0.00000
0.97262
0.99965
0.19563
1.00000
0.00000
0.92891
0.97866
1.00000
0.46340
0.99983
0.46434
0.91561
0.42822
0.00255
0.78720
0.00000
0.52326
0.00000
1.00000
0.79866
0.44734
0.74005
0.00000
0.91116
0.99939
0.17843
0.99241
0.91530
1.00000
0.00007
1.00000
1.00000
0.99999
0.88045
0.99470
0.39627
0.11157
0.48061
0.67274
1.00000
0.24571
0.99616
0.40354
0.00396
0.43285
0.33301
0.00000
1.00000
0.94600
0.06135
0.90595
0.44163
0.98332
0.17918
0.05559
0.00011
0.99986
0.14424
0.01218
0.45167
0.00017
1.00000
0.79102
0.00113
0.00971
0.13656
0.99330
0.50000
0.99966
0.00081
0.03365
0.00469
0.00005
0.00000
0.77587
0.99867
0.51723
0.34541
0.99637
0.02200
0.00000
0.18016
0.00000
0.00811
0.31047
0.34707
0.99809
0.85569
0.99954
1.00000
0.64873
0.99999
0.00638
0.15057
0.81511
0.02984
0.15223
0.87607
0.00000
0.04577
0.00003
0.82997
0.99997
0.00000
0.75429
0.31267
0.00345
1.00000
0.10415
0.31723
0.98563
0.00000
0.88488
0.94057
1.00000
0.01099
0.99912
0.00476
1.00000
1.00000
0.00000
0.91144
0.99955
0.00000
0.99729
0.98431
0.99983
0.35706
0.03978
1.00000
0.71858
0.89813
0.03168
0.00000
0.77361
0.00218
0.99997
0.86282
0.98674
0.00003
0.71012
0.00000
0.99404
0.78117
1.00000
1.00000
0.00002
0.00016
0.00000
0.13408
0.69538
0.99084
0.33570
0.01316
0.99889
0.16070
0.25490
0.00000
0.49394
0.00000
0.93328
0.99674
1.00000
0.89686
1.00000
0.55649
1.00000
0.45197
0.71145
0.00000
0.99930
0.00028
1.00000
1.00000
0.65912
0.99805
0.47734
0.71650
0.07979
0.33502
0.94624
0.16288
0.13281
0.81232
0.99729
1.00000
0.88254
0.99430
0.99942
1.00000
0.00226
0.01266
0.00006
0.88950
0.73796
0.46754
0.00528
0.22409
1.00000
0.00140
0.63155
0.02950
1.00000
0.69429
0.97533
0.00198
0.00000
0.29713
0.00069
0.95656
0.84688
0.59071
0.00004
0.34715
0.46148
1.00000
0.24739
0.93085
0.55716
0.62800
0.89233
0.99997
0.84126
0.20146
0.13836
0.17981
0.40563
0.35352
1.00000
0.31006
0.00011
0.10096
0.00000
0.03699
0.00000
0.85354
0.83614
1.00000
0.99051
0.05780
0.00000
0.96780
1.00000
0.15943
0.03296
0.57127
0.00001
0.98207
0.06636
0.99960
0.99330
0.00000
0.99999
0.99988
0.00572
0.00000
0.00000
0.02146
0.17472
0.00000
1.00000
0.98825
0.22475
0.00004
0.41993
0.57722
0.99650
1.00000
0.00000
0.96155
0.02043
0.00068
0.67287
0.00000
0.99998
1.00000
0.82686
1.00000
0.98899
0.92416
0.00003
1.00000
0.00429
0.00000
0.03522
0.00004
0.00000
0.28599
0.54555
0.76074
1.00000
0.00011
0.28425
0.00000
0.00000
0.99149
0.65412
0.99995
1.00000
0.56661
0.99998
0.78718
1.00000
0.09339
1.00000
0.15657
0.95982
0.00000
0.00014
0.42125
0.00195
1.00000
0.90561
0.00000
0.99959
0.89886
1.00000
0.00142
0.99984
0.99985
0.63960
1.00000
0.86191
0.49158
1.00000
0.99954
0.89515
0.38044
0.00213
0.00000
1.00000
0.00006
0.02026
0.99892
0.00000
0.02403
1.00000
0.11111
0.05727
1.00000
1.00000
0.05683
0.32544
0.99089
0.00000
0.83117
0.15643
0.00000
0.00003
0.01667
1.00000
0.83322
0.00938
0.79041
0.59480
0.30282
0.00000
0.36587
0.00005
0.00000
0.02002
0.76201
0.00000
0.93921
0.40276
0.01790
0.09849
0.79265
0.97809
0.04943
0.99996
0.90855
0.99980
0.51760
0.75249
0.00000
0.79266
0.38476
0.68517
0.04259
0.00000
0.00003
0.34772
0.61024
0.93454
0.00009
0.00011
0.99975
0.00000
0.00000
1.00000
0.99998
0.04923
0.21116
0.00524
0.99316
0.00014
0.00000
0.14366
0.40044
0.93653
0.00000
0.74355
0.99672
0.96670
0.02758
0.36003
0.32192
0.96619
1.00000
0.86402
0.00238
0.79646
0.36234
0.94081
0.21682
0.99856
0.00504
0.16851
0.06757
0.99995
0.01481
0.24171
0.84243
0.72244
0.59875
0.12155
0.00000
0.95763
0.26208
0.99215
0.00000
0.92884
0.99276
0.19283
0.08223
0.99806
0.16492
0.26959
0.54238
0.04986
0.98096
0.00000
0.01532
0.00000
0.75929
0.99552
0.99820
0.60197
0.00000
0.95291
0.11775
0.99710
0.00392
1.00000
0.07149
0.14930
0.00027
0.00000
0.92046
0.74330
0.97204
0.98319
0.99996
1.00000
0.63314
0.91605
0.85670
0.11148
0.00009
0.02595
0.98155
0.00000
0.20926
0.43900
0.27860
0.00012
0.71047
0.00007
0.00640
0.99659
0.92905
0.00016
0.82257
0.02053
0.54303
0.45794
0.58340
1.00000
0.04273
0.99861
0.00410
0.51649
0.15763
0.00000
0.07339
0.42790
0.07092
0.00018
0.44492
1.00000
0.16147
0.69263
0.84921
0.00776
0.23940
0.00000
0.99132
0.02095
0.03825
0.72643
0.80337
0.07402
0.99999
0.00000
0.01507
0.01583
0.79476
0.23432
0.99901
0.06421
0.00070
0.65883
0.82006
0.99980
0.58470
0.99144
0.98951
0.13169
0.02415
1.00000
0.49718
0.00001
0.00192
0.00000
0.00000
0.02989
0.91266
0.84517
0.44991
0.44927
1.00000
1.00000
0.99951
0.00000
1.00000
0.97415
0.99594
0.40127
1.00000
0.11301
0.83115
0.74669
0.00198
0.91605
0.24074
0.68547
1.00000
0.00981
0.01504
0.22885
0.00452
0.95991
0.56052
0.04094
0.95595
0.99264
0.09615
0.01883
0.00127
0.97784
0.99979
1.00000
0.76840
0.96582
0.00506
0.02812
0.00000
0.97448
0.84735
0.00001
0.00001
0.14888
0.19986
0.95307
0.79132
0.24703
0.87573
0.00966
1.00000
0.99984
0.00000
0.10450
0.98941
0.72980
0.98261
0.02399
0.54190
0.01184
0.84779
1.00000
0.96217
0.83670
0.69344
0.00164
0.88528
0.06354
0.49433
0.07658
0.00191
0.52450
0.00400
0.84749
0.00440
1.00000
0.85161
0.02304
0.00000
0.99638
0.99998
0.99378
1.00000
0.00009
0.05575
0.76339
0.03344
0.00123
0.75314
0.00016
0.81846
0.99789
0.01071
0.00000
0.00000
0.00002
0.04543
0.85515
0.79210
0.86586
0.99435
0.99999
0.00000
0.00000
0.18358
1.00000
0.42328
0.62329
0.42730
0.00000
0.00176
0.51516
0.60335
0.99999
1.00000
0.72028
0.74080
0.71813
0.02525
0.00000
0.03624
0.99994
0.00704
0.02214
0.00002
0.95250
0.85496
0.00003
0.00688
0.00006
1.00000
0.79213
0.77760
0.46143
0.41648
1.00000
0.99917
0.99953
0.99975
0.03515
0.00000
0.00002
0.49746
0.16367
0.97837
0.09487
1.00000
1.00000
0.61329
0.99237
0.00000
0.63982
0.48620
0.00033
0.83945
0.00024
0.98760
0.99992
0.00000
0.01397
1.00000
0.00001
0.00000
1.00000
0.99992
0.10540
0.13545
0.98314
0.06982
0.70700
0.66386
0.85969
0.00000
0.73941
0.49865
0.92822
0.00147
0.77168
0.04142
0.00246
1.00000
0.88275
0.55927
0.99999
0.01369
0.87196
0.97993
0.00000
0.97383
0.00000
0.99999
0.88780
0.87764
0.43981
0.00000
0.00013
1.00000
0.09497
0.00000
0.00000
0.50887
0.50000
0.40631
0.01065
0.98779
0.64226
0.01193
0.01091
0.95031
0.00006
0.99993
0.99978
0.12142
0.99999
0.30414
0.64161
0.29885
0.51321
0.00000
0.00000
0.26262
0.99999
0.00000
0.75908
0.03544
0.00000
0.06687
0.88787
0.96029
0.07568
0.00305
0.00000
0.04881
0.89590
0.22341
0.04694
1.00000
0.00000
0.77448
0.00008
1.00000
0.04565
1.00000
0.00298
0.81856
0.00000
0.98654
1.00000
0.01126
1.00000
0.05925
0.26348
0.00007
0.91221
0.42526
0.00000
0.99985
0.54539
0.08526
0.99245
0.99937
0.97615
0.00031
0.74669
0.78929
0.04244
1.00000
0.26067
0.99705
0.06190
0.00000
0.00124
0.62224
0.63649
0.99544
0.00593
0.02380
1.00000
0.56204
0.00000
0.00000
0.12904
0.05841
0.11307
1.00000
0.00000
0.99513
0.90606
0.98189
0.00000
0.99232
0.88667
0.00249
0.95746
0.97429
0.00000
0.00000
0.68906
0.99641
1.00000
0.05166
0.92640
0.00000
0.00096
0.00000
0.28342
0.88727
0.00058
0.00002
0.88068
0.16699
1.00000
0.62274
0.32986
1.00000
0.28803
0.56006
0.94247
0.00001
0.90284
0.25051
0.02304
0.16494
0.94933
0.99752
0.59291
0.06250
0.78433
0.13344
0.93185
0.99971
0.00000
0.18717
0.74233
1.00000
0.98134
0.23901
0.04270
0.78670
0.29965
0.00044
0.00184
0.08360
0.00000
0.01984
0.14481
1.00000
0.32079
1.00000
0.97800
0.02781
0.24201
0.99999
0.99997
0.00000
1.00000
0.00080
0.85180
0.98175
0.00000
0.67499
0.42232
0.39141
0.04516
0.16301
0.84767
0.44935
0.03122
0.52230
0.68045
1.00000
0.00005
0.46067
0.00000
0.46170
1.00000
0.99947
0.67942
0.47670
0.99999
0.99999
1.00000
0.01681
0.99630
0.58091
0.99981
0.46982
0.09749
0.23930
0.93552
0.79771
0.79997
0.97504
0.39590
0.98996
1.00000
0.00000
0.00464
1.00000
0.67505
0.96434
0.00000
0.31949
0.95035
0.25383
0.20176
0.00218
0.00000
0.00879
0.99928
0.96762
0.85671
0.21713
1.00000
0.52789
0.98891
0.47073
0.99999
1.00000
0.63898
0.00000
0.00000
0.97149
0.23429
0.83334
0.91873
0.61648
0.75264
0.01005
0.11053
0.45088
0.44660
0.00000
0.72003
1.00000
1.00000
0.00000
0.99933
0.87135
0.00018
0.00461
0.47754
0.00000
0.97836
0.00629
0.00000
1.00000
0.60894
0.00000
0.24702
0.99986
0.54315
0.99928
1.00000
0.00031
0.01493
1.00000
1.00000
0.39569
0.92966
1.00000
0.00002
0.00443
1.00000
0.80561
1.00000
0.99990
0.82212
0.99998
0.49585
1.00000
0.03024
0.05424
0.59556
0.96165
1.00000
0.26625
0.00022
0.29151
0.97643
0.99994
0.99929
0.83751
0.36446
1.00000
0.99962
0.28074
0.99600
1.00000
0.98945
0.61140
0.21633
0.55590
0.00000
0.01707
0.33942
0.99967
0.00000
1.00000
0.00990
0.15111
0.00000
0.98007
0.97632
0.00018
0.00009
0.11430
0.00031
0.10761
0.99432
1.00000
0.57370
1.00000
1.00000
0.99999
0.00007
0.93318
0.98496
0.13053
0.00000
1.00000
0.49135
0.68043
0.95506
0.59198
0.00001
0.00000
1.00000
1.00000
0.99615
0.03401
0.00000
0.91480
0.00000
1.00000
0.03879
0.00000
0.97176
0.00783
0.18039
0.00002
0.01226
0.11307
0.00478
0.04350
0.04608
1.00000
0.26280
1.00000
0.71961
0.00000
0.00000
0.87989
0.98960
1.00000
0.21602
0.00737
0.48207
1.00000
0.99109
0.18583
0.00001
0.90890
0.35491
1.00000
0.01739
0.05121
0.51655
0.97895
0.99918
0.00146
0.06365
0.83179
1.00000
0.00000
0.96357
1.00000
1.00000
0.64129
0.00000
0.39913
0.00000
1.00000
0.00000
0.00426
0.98281
0.21592
0.00173
0.91826
0.00086
0.80907
1.00000
0.99072
0.44566
0.40557
0.54803
0.00966
0.10242
0.15259
0.99999
1.00000
0.01008
0.87618
0.89592
0.99919
0.00000
0.00000
1.00000
0.99961
0.00000
0.92841
0.94215
0.74606
0.00521
0.09053
0.00403
0.01001
0.73377
0.68336
0.49114
0.10079
0.99708
0.99997
0.00943
0.75594
1.00000
0.24696
0.99872
0.55665
0.41243
0.62869
0.00002
0.00011
0.41268
0.90288
0.00159
0.97130
0.99203
0.99900
0.00000
0.04114
0.31168
0.02288
0.99985
0.29100
0.99964
0.96532
1.00000
0.59129
0.02538
1.00000
0.00000
0.15182
0.84904
0.00005
0.66590
0.00000
0.11743
1.00000
0.71237
0.19355
1.00000
0.12781
0.98605
0.20254
0.00000
0.06292
0.05242
0.00000
0.99326
0.23835
0.57421
0.79641
0.99148
0.85821
0.68653
0.07538
0.00000
0.01627
0.99999
0.19136
0.03203
0.99985
0.32415
0.99711
0.23281
0.16936
0.80430
0.54037
1.00000
0.14289
0.97584
0.25997
0.95044
0.06928
0.00000
0.04292
0.74140
1.00000
1.00000
0.54712
0.00032
0.14555
0.22669
1.00000
0.99984
0.99866
1.00000
0.34283
0.02489
0.00069
0.84341
0.54810
0.00000
0.43165
