1000
650 12 744 38
570 33 258 19
874 25 82 26
210 0 295 8
702 50 104 7
828 35 596 23
686 48 591 47
419 49 758 12
938 6 870 22
266 3 809 4
123 5 823 46
808 37 216 13
712 12 559 41
310 20 962 16
928 9 491 25
173 42 722 12
726 14 51 45
715 16 532 50
799 30 210 34
560 0 753 24
571 6 659 30
738 31 778 42
276 32 205 39
242 17 234 27
719 10 125 43
567 39 339 7
313 47 919 48
118 44 388 48
275 8 344 0
348 42 147 2
821 18 253 17
766 23 189 39
396 43 441 27
928 11 377 25
925 32 338 12
543 41 936 8
431 26 237 43
699 50 102 43
666 40 587 7
51 6 733 10
215 6 602 40
667 46 777 32
681 14 445 0
542 34 520 32
204 11 114 24
402 15 579 21
142 18 51 7
715 11 59 14
558 13 171 29
413 0 490 46
121 20 478 47
610 49 412 23
684 11 486 7
835 41 236 25
422 23 52 39
464 35 136 15
782 42 133 29
246 40 226 2
718 8 889 0
203 35 165 17
879 27 245 13
448 47 868 3
156 18 730 29
422 16 745 19
834 8 530 44
346 2 191 33
269 6 974 9
160 30 522 3
107 4 146 23
302 48 694 29
186 18 885 18
882 31 433 46
59 37 247 45
990 22 735 12
765 35 667 46
784 24 334 16
801 37 521 19
525 16 287 24
959 3 445 17
853 38 331 42
499 45 219 36
51 26 394 7
277 8 176 34
846 6 188 19
132 17 721 38
773 0 523 49
515 12 785 7
952 11 59 10
858 48 933 3
912 18 802 19
707 48 715 18
993 20 888 11
119 44 887 3
51 13 696 39
255 49 570 4
930 26 634 20
51 25 618 7
654 34 759 21
81 21 733 22
461 6 213 39
550 25 207 40
230 35 507 23
693 44 768 22
663 14 992 23
611 27 701 13
709 15 766 36
508 9 274 10
993 23 934 10
436 31 679 41
309 6 892 11
497 48 247 41
57 9 851 50
506 38 990 30
930 37 270 48
839 19 548 39
915 7 106 9
51 4 949 50
899 32 729 9
437 8 248 31
116 3 51 50
674 4 497 19
831 1 89 37
835 0 786 17
453 17 225 17
818 14 927 14
90 13 51 33
509 6 51 35
841 11 93 33
449 37 863 47
571 1 497 25
625 32 777 29
102 36 724 48
739 0 393 29
463 0 671 37
971 35 513 50
527 40 51 14
762 14 496 31
994 12 454 8
51 23 441 2
329 2 700 44
471 9 513 24
627 38 380 28
782 49 942 39
129 4 133 32
592 27 855 37
134 40 185 17
455 35 56 15
802 22 545 34
422 25 51 45
736 42 936 42
130 41 51 29
904 37 208 44
51 30 51 46
660 19 977 29
276 2 620 14
671 44 366 28
789 20 517 17
51 25 352 32
983 0 195 33
399 9 424 41
746 41 188 29
734 37 652 31
382 42 640 27
738 50 456 43
907 0 179 15
981 43 237 0
579 39 193 38
51 4 256 50
860 44 632 44
747 32 969 8
734 42 718 38
322 10 113 31
451 18 570 9
666 36 597 8
51 37 521 35
477 7 405 31
486 39 458 28
611 39 448 48
309 22 51 28
68 33 743 41
296 40 783 26
306 42 210 29
912 5 650 29
709 5 593 47
351 16 777 34
743 17 447 14
590 39 51 44
542 24 104 37
607 49 607 43
987 18 68 10
184 48 325 10
989 30 346 3
440 18 757 1
912 5 394 14
432 29 752 32
690 22 452 8
110 23 414 13
824 19 920 26
165 3 689 3
977 7 313 26
287 20 51 7
219 38 836 35
901 37 620 38
911 36 51 34
507 32 72 49
625 3 117 31
504 15 283 23
432 48 275 32
309 38 116 20
772 11 804 41
51 4 298 36
966 23 764 1
204 9 807 20
427 34 562 26
920 21 60 30
356 20 728 5
965 15 828 13
51 41 565 50
487 44 452 13
623 46 683 11
737 39 798 23
108 38 857 47
823 30 348 10
482 41 58 26
299 2 466 41
853 41 695 21
427 16 882 18
316 49 509 43
490 29 290 34
898 29 93 20
847 28 60 23
358 26 270 29
868 4 880 49
824 48 522 36
193 20 903 10
995 10 689 36
744 4 763 21
135 7 554 23
66 36 611 13
531 17 706 4
161 0 263 14
65 6 776 43
692 39 142 23
216 42 51 0
55 45 824 43
259 20 178 47
923 34 256 16
228 38 80 7
749 4 484 14
550 26 586 39
366 3 904 26
319 35 67 20
771 49 723 19
146 19 572 3
682 5 980 44
60 31 693 39
51 1 785 16
959 25 257 22
91 18 51 21
327 7 429 24
719 4 694 17
755 49 435 9
265 17 773 21
455 21 732 31
391 8 315 29
84 34 166 22
617 31 521 21
69 37 430 36
790 45 456 36
510 44 861 49
634 37 341 18
841 14 804 35
961 30 174 42
208 34 80 50
574 26 761 39
317 39 314 44
751 22 741 7
542 42 862 27
891 30 78 27
958 44 823 49
212 0 51 13
416 10 578 39
51 38 484 49
184 7 327 23
271 1 121 20
244 38 599 39
288 44 639 34
877 9 955 2
952 50 895 26
541 29 722 23
970 20 51 32
199 43 104 47
454 42 120 9
835 0 670 17
313 24 109 44
424 39 500 34
346 38 478 10
817 49 659 48
80 4 905 45
103 29 736 47
905 23 269 17
957 22 102 36
382 22 774 3
685 26 972 14
847 37 554 19
625 19 591 38
478 32 622 24
334 35 125 26
147 42 789 33
658 13 534 49
70 27 704 27
378 43 735 9
842 46 51 44
854 20 952 46
702 40 965 7
632 41 616 26
542 22 702 7
922 30 992 47
87 26 167 11
286 21 850 29
606 32 237 4
892 47 193 41
112 29 362 21
308 6 157 41
893 48 321 46
790 29 847 38
663 2 326 38
931 29 852 35
51 42 983 50
303 47 506 17
366 7 585 45
660 25 51 15
582 2 785 21
799 5 206 38
321 48 138 40
771 42 51 12
430 6 187 44
918 39 688 13
643 3 674 49
881 36 776 3
802 18 270 18
401 21 509 36
512 33 774 1
479 22 953 42
459 47 76 17
225 25 354 43
166 19 478 14
296 49 394 13
667 42 664 30
925 19 647 26
159 32 275 0
616 2 937 24
905 8 51 8
497 15 147 43
160 3 121 29
988 28 565 27
329 50 57 47
944 21 892 44
998 41 614 44
304 1 259 13
783 48 584 46
615 42 355 4
497 8 768 29
301 13 189 32
325 31 373 42
988 44 656 25
434 6 573 41
144 2 876 34
518 27 944 6
924 4 870 3
491 39 718 28
149 4 199 25
63 10 617 18
893 7 216 25
606 8 393 16
861 2 874 30
629 39 759 9
627 25 632 35
898 42 679 2
266 0 51 50
676 47 408 24
152 6 239 42
255 7 210 37
454 44 980 49
51 8 634 46
604 35 425 48
751 48 743 21
682 33 564 1
167 10 601 27
661 30 453 50
376 27 320 25
814 37 609 0
220 48 878 32
132 40 512 31
189 49 731 39
913 23 375 46
822 3 294 28
492 47 969 18
927 28 85 15
531 24 442 11
581 1 724 26
51 20 967 25
389 37 543 46
77 31 409 22
915 1 256 33
937 32 281 20
555 40 861 20
73 48 630 10
648 19 852 9
467 48 696 28
995 25 250 11
51 24 694 27
889 9 768 38
91 22 987 2
641 21 626 17
95 27 985 35
51 31 447 2
141 27 733 22
588 50 678 22
459 4 836 21
807 23 833 16
51 36 462 20
526 5 944 50
920 35 506 25
51 48 982 3
659 24 697 48
971 12 926 6
227 36 516 12
867 47 605 6
769 0 766 27
969 32 377 7
51 38 709 4
506 17 325 6
141 45 533 24
862 41 176 39
655 20 51 7
935 37 912 5
173 25 790 5
52 45 289 3
101 21 690 41
922 13 339 25
910 17 595 44
51 35 400 30
819 8 834 15
326 1 254 13
138 4 680 16
818 49 310 39
798 41 696 28
930 7 516 49
908 50 282 48
56 28 507 0
247 2 946 23
993 26 904 24
203 11 910 25
494 13 704 12
207 36 699 6
536 23 390 42
994 36 65 10
863 26 766 32
539 24 573 28
57 41 414 21
277 48 77 47
956 7 57 20
51 25 257 5
579 48 51 14
745 14 357 0
369 17 613 7
151 7 762 23
426 19 117 18
857 1 437 30
727 9 891 50
802 49 967 37
639 16 274 5
829 50 643 5
144 34 678 22
660 34 201 2
339 35 158 22
833 25 801 4
419 6 160 45
867 15 538 43
564 15 248 24
544 15 927 3
428 42 770 24
67 2 740 8
967 34 457 27
577 18 740 38
609 3 887 20
756 10 799 1
541 48 480 18
186 24 705 18
461 50 202 21
277 47 943 49
646 38 961 28
973 50 570 2
609 30 412 2
826 33 393 4
569 36 51 32
593 35 593 13
61 28 554 31
474 38 51 43
875 19 51 38
806 50 719 36
147 22 469 15
250 50 902 31
106 37 794 26
971 4 259 31
936 23 601 44
276 47 536 27
698 20 296 13
751 29 290 34
828 24 915 22
793 40 165 21
157 23 501 29
909 41 327 6
126 4 132 11
755 11 497 17
999 22 826 12
929 36 354 26
353 23 634 47
51 42 431 15
244 36 639 4
116 11 384 11
529 25 774 24
743 38 682 24
559 42 51 26
452 45 458 14
544 42 774 42
690 31 628 47
124 0 801 14
552 31 356 31
193 0 407 50
273 15 358 25
353 49 535 11
191 14 885 8
518 44 422 14
624 14 147 13
365 2 183 27
378 16 70 48
310 37 860 49
959 14 827 2
735 20 431 48
980 14 688 6
272 10 851 17
783 5 953 45
771 23 51 45
866 17 136 2
153 20 433 18
653 42 357 13
77 7 488 13
816 8 550 4
391 28 504 21
563 39 950 24
704 34 386 34
377 11 205 5
271 42 339 30
895 35 892 46
61 10 285 39
88 0 875 27
685 4 55 38
616 20 239 37
978 39 575 13
153 46 181 13
953 34 676 35
657 1 885 39
491 8 185 48
558 46 593 47
178 27 179 40
161 43 521 17
604 36 232 37
51 2 903 4
466 22 931 39
292 1 241 13
117 6 547 45
758 15 161 33
185 2 687 5
949 5 419 49
206 15 973 6
961 25 522 18
840 27 706 9
813 2 804 34
70 50 71 45
529 13 491 32
432 36 382 42
198 34 827 3
935 32 51 4
122 35 993 40
872 28 95 41
759 40 189 7
848 18 241 11
239 11 51 28
329 46 757 49
672 48 603 39
925 1 276 15
796 19 663 23
442 40 417 20
997 41 907 37
686 32 179 42
51 24 621 14
203 23 648 0
441 16 87 23
697 13 471 35
891 2 672 46
603 39 465 3
101 41 895 2
51 25 539 48
535 21 261 20
125 2 815 12
822 3 758 44
409 44 987 33
535 37 800 34
912 50 113 33
300 29 360 40
786 5 321 5
629 1 704 38
579 36 74 5
273 26 664 20
879 35 178 37
303 9 311 41
467 20 448 41
935 30 150 41
194 40 420 27
394 26 224 14
51 21 710 41
640 8 784 31
79 26 279 47
198 47 124 3
895 35 109 43
678 6 652 42
318 8 590 21
166 35 664 16
93 47 825 3
477 44 328 20
319 7 894 37
204 21 643 42
79 12 342 25
911 3 624 29
414 18 714 44
407 27 403 0
682 6 290 47
321 6 61 31
485 41 51 34
802 47 801 6
701 21 664 29
660 45 387 44
51 33 639 5
749 45 51 5
390 45 51 29
629 28 274 6
447 0 478 3
605 39 51 30
654 38 288 12
552 13 955 5
525 31 134 36
976 13 640 43
63 8 390 18
927 13 193 5
380 42 290 45
592 44 456 23
547 18 853 16
860 43 806 44
523 37 993 2
157 27 712 42
695 14 706 45
257 35 169 22
70 4 238 13
660 24 716 49
461 48 393 44
159 2 669 31
734 0 671 3
424 2 180 29
681 38 889 11
799 0 259 15
589 18 75 45
403 9 952 21
722 5 980 20
585 0 540 46
151 7 831 36
299 18 353 10
742 45 726 9
719 49 125 36
648 25 127 26
942 25 318 19
725 0 114 10
340 16 852 46
736 40 706 50
464 40 710 27
595 11 656 32
423 15 502 43
956 16 635 30
285 8 193 49
557 30 51 27
249 4 707 38
255 8 793 13
196 45 848 7
879 6 833 28
617 41 172 33
607 13 673 49
957 48 130 2
61 7 909 20
678 2 717 48
51 43 583 22
413 33 357 45
469 4 310 23
966 11 425 42
483 24 796 5
862 39 872 9
350 29 51 1
486 13 952 0
843 32 470 29
686 2 184 4
752 37 695 20
314 38 413 6
979 14 332 5
752 49 217 15
868 31 559 1
924 24 677 49
222 1 740 28
917 11 941 13
817 30 443 46
232 29 147 39
855 41 441 7
194 14 308 5
848 30 163 45
670 19 404 4
477 5 434 6
177 25 129 29
373 22 61 44
373 44 334 43
601 23 290 9
884 9 814 16
535 32 373 22
200 39 665 29
887 5 899 50
51 13 805 26
180 2 968 30
266 2 67 27
808 46 518 10
494 23 613 19
229 25 433 27
962 43 491 38
259 50 526 31
385 31 870 36
83 16 708 11
327 4 671 1
729 48 502 28
441 36 51 38
349 43 196 37
961 25 671 38
780 1 361 45
110 37 51 2
436 14 510 9
656 32 112 2
731 26 51 7
440 31 380 2
347 27 437 17
51 43 346 5
990 8 669 7
199 4 831 9
441 49 361 1
691 34 127 34
709 16 690 27
813 20 267 22
166 32 871 16
273 10 275 5
674 38 677 49
827 23 514 11
708 3 201 41
955 21 543 47
377 28 806 42
684 45 51 4
300 43 642 24
135 25 733 7
823 2 910 24
644 27 825 41
743 40 755 30
144 6 252 33
784 14 873 41
107 37 739 50
540 1 934 5
554 41 490 23
193 28 256 8
495 14 716 19
977 43 232 50
441 45 236 16
342 47 667 47
807 41 906 3
495 10 141 32
530 40 275 38
150 33 335 2
946 30 823 39
89 15 351 47
830 11 844 33
51 6 208 44
465 46 851 37
419 27 938 17
837 4 664 13
895 35 278 50
51 11 441 15
584 12 808 11
767 41 234 3
921 30 81 10
818 19 678 20
52 22 862 17
682 44 291 34
492 16 429 35
902 35 380 23
730 33 772 17
823 9 51 17
402 0 51 42
113 30 232 26
85 30 616 41
159 26 658 27
455 8 371 16
332 9 537 13
223 30 540 4
191 7 274 37
313 23 787 3
51 12 98 41
508 25 95 46
195 35 910 18
464 0 51 11
700 20 590 6
618 13 835 47
58 0 359 12
1000 15 657 16
561 43 836 50
323 16 417 0
97 21 390 50
392 6 573 2
771 12 753 45
354 40 175 36
949 28 991 38
188 36 503 26
190 13 807 19
571 45 256 9
705 22 90 32
367 16 546 23
947 35 562 8
446 31 58 44
324 4 488 26
764 41 110 6
416 26 917 41
51 26 512 7
582 44 806 9
121 9 51 19
165 36 936 37
920 41 51 37
998 37 354 46
51 42 790 20
455 21 80 31
446 4 233 24
710 45 731 32
302 29 630 27
514 44 905 38
801 33 672 9
856 38 254 33
51 28 934 46
873 41 691 30
781 50 155 21
821 24 958 39
115 2 304 37
691 1 960 15
219 24 775 46
647 35 780 32
884 19 814 18
936 33 949 37
882 17 806 38
946 48 121 43
120 23 1000 9
245 37 573 23
51 13 64 23
214 45 547 39
656 9 592 5
163 24 138 44
767 50 177 48
878 15 250 5
213 1 503 8
257 49 335 6
883 0 732 0
387 1 351 16
337 17 938 37
155 41 425 46
203 9 371 43
583 46 799 28
349 50 664 27
669 3 209 32
678 40 738 27
271 37 216 4
119 13 376 42
178 23 395 3
522 10 509 22
275 49 51 8
51 38 613 18
209 44 97 35
526 32 667 34
149 7 343 38
435 36 51 31
51 27 822 18
296 30 366 19
569 34 727 8
659 22 792 8
142 35 145 1
362 47 268 49
51 29 51 25
891 3 51 22
560 47 391 5
51 21 887 2
966 10 97 40
933 4 168 27
219 31 51 0
96 38 767 2
651 34 446 31
176 17 560 47
572 25 402 40
390 26 51 50
308 16 908 35
861 1 264 8
364 37 412 23
123 47 672 15
461 10 959 13
629 31 626 25
618 36 631 19
212 35 705 7
195 11 105 49
113 39 452 0
51 19 133 14
123 23 913 15
607 11 147 45
593 50 761 11
398 12 63 35
641 27 965 43
352 43 999 13
823 40 742 37
777 4 744 44
573 2 449 24
477 39 363 14
913 36 134 37
964 0 628 50
65 25 476 47
884 21 744 33
53 15 180 16
805 32 597 33
588 20 511 44
503 38 590 6
468 16 384 31
214 5 436 16
793 32 393 14
946 41 288 32
99 0 51 14
189 4 179 36
927 29 229 15
994 32 776 6
515 32 547 10
317 4 439 17
531 3 712 28
720 34 525 35
968 14 668 1
204 1 549 35
51 19 887 7
51 48 275 36
466 0 906 25
877 8 741 48
51 16 728 21
201 45 568 18
822 38 681 22
836 0 673 33
353 37 945 34
274 32 989 11
854 0 642 15
903 27 238 21
677 48 826 4
809 12 579 31
223 39 480 45
735 28 842 21
179 37 632 40
330 33 567 46
197 45 178 0
904 34 530 37
59 30 922 19
806 8 112 5
390 10 677 38
165 46 373 20
171 25 123 17
376 36 139 9
64 21 561 27
452 26 111 17
516 32 215 34
88 15 224 0
576 45 787 5
638 47 831 5
744 1 51 8
977 29 288 44
744 0 867 13
819 6 82 19
646 22 571 23
746 49 721 10
101 33 308 33
762 25 107 26
106 23 59 4
600 7 816 8
