0.99953
0.81871
1.00000
0.99251
0.51141
0.37557
0.74325
0.00000
0.99946
0.11014
0.69711
0.83103
1.00000
0.00002
1.00000
0.00000
1.00000
1.00000
1.00000
1.00000
0.99991
0.85979
0.98811
0.95428
1.00000
0.00048
0.00000
0.00000
0.00063
0.00001
0.99959
1.00000
0.00688
1.00000
0.56948
0.00000
1.00000
1.00000
0.00000
0.00004
0.98258
0.01016
0.00050
0.46941
0.99998
0.45144
0.61594
1.00000
1.00000
1.00000
0.01903
0.06927
0.43176
0.99897
1.00000
0.91012
1.00000
0.00000
0.00069
0.02948
0.95507
0.00000
0.00019
0.11160
1.00000
1.00000
0.03917
0.00000
0.99912
0.00000
0.00000
1.00000
0.00000
0.20295
0.97071
0.92682
0.20600
0.99946
1.00000
1.00000
0.99777
0.00000
1.00000
1.00000
0.00102
1.00000
0.01859
1.00000
0.00000
0.71440
0.00006
0.09804
0.00000
0.00000
0.00000
0.67063
0.00000
0.00948
0.00000
1.00000
1.00000
0.00000
0.00068
0.59213
0.00364
0.99675
0.94830
0.01817
0.23184
0.15560
0.99666
0.00311
0.00006
1.00000
0.99999
1.00000
0.15042
0.00127
1.00000
1.00000
0.99996
1.00000
1.00000
0.98278
0.36618
1.00000
1.00000
1.00000
0.02513
1.00000
0.10250
0.00000
1.00000
1.00000
1.00000
0.99998
0.99998
0.81869
0.00000
1.00000
0.99193
0.79881
0.02324
1.00000
0.40574
0.00000
0.99997
0.99909
1.00000
0.12759
0.99908
1.00000
0.99988
0.52718
0.93439
0.75638
0.79621
0.00000
1.00000
1.00000
0.99999
0.40686
0.00002
0.95215
1.00000
0.00006
1.00000
0.97686
0.93289
0.00000
0.36135
1.00000
0.00907
0.00003
0.00000
1.00000
0.12873
0.99417
1.00000
0.00000
0.00000
0.52000
1.00000
1.00000
0.41814
0.82050
1.00000
1.00000
0.25878
1.00000
0.00000
0.01161
0.00000
0.99996
0.03291
0.07747
0.00000
0.74759
0.02940
1.00000
0.95400
0.00000
0.96313
1.00000
1.00000
1.00000
0.99922
0.59515
0.91158
0.99998
0.76278
0.00001
0.06249
0.01516
1.00000
0.00000
0.51780
0.00000
0.00003
0.00000
0.00846
0.00000
0.28255
1.00000
1.00000
0.03845
0.03451
0.00098
0.99773
1.00000
1.00000
0.93643
1.00000
0.79166
0.00000
1.00000
0.99970
0.25111
0.00000
0.00020
0.99935
0.08698
0.99997
0.00004
0.00000
1.00000
0.96528
0.04566
0.99954
0.91730
0.98774
0.99992
0.00025
0.00000
1.00000
0.00000
0.30866
0.99998
0.99658
0.99128
0.99844
0.00020
0.00368
0.36397
0.99999
0.00000
0.21777
0.00000
0.93635
0.01866
0.37973
0.99935
1.00000
1.00000
0.68294
0.73638
0.00268
0.00006
1.00000
0.90093
1.00000
0.99927
0.00000
0.92525
1.00000
0.00003
0.00000
0.01314
0.00556
0.02763
1.00000
0.99999
0.31353
1.00000
1.00000
0.08926
0.00000
0.84047
0.39219
0.00000
0.99799
1.00000
0.00000
0.00118
0.20045
0.99739
0.01741
0.99769
0.00000
1.00000
0.00000
0.00000
1.00000
0.99765
0.00000
0.03859
0.00020
0.94969
0.00000
0.00324
0.00915
1.00000
0.00000
1.00000
1.00000
0.79435
1.00000
0.86920
0.00000
0.00000
0.99997
1.00000
0.99975
1.00000
0.99970
0.99999
1.00000
0.00387
1.00000
0.00000
0.99954
0.86707
0.00000
0.41583
0.99803
0.63517
0.00003
0.00000
0.07688
0.98871
0.00000
0.99982
1.00000
1.00000
1.00000
0.97652
1.00000
0.99916
0.99589
0.99986
0.89749
0.00001
0.98734
1.00000
0.76693
0.27313
1.00000
0.91588
0.00000
0.39638
0.00140
0.99966
0.00002
1.00000
0.99681
1.00000
0.00000
0.90005
0.00000
1.00000
0.25690
0.99999
1.00000
0.00051
0.01693
0.99922
0.00049
0.00000
0.18463
0.99998
0.62756
0.00000
0.00000
0.00000
0.00000
1.00000
1.00000
0.00000
1.00000
0.04727
1.00000
0.00000
0.28580
0.00000
1.00000
0.99557
0.00001
0.00000
0.00424
0.00001
0.94872
0.00000
1.00000
0.00000
0.28284
0.00000
0.00000
0.00000
0.00003
0.97935
0.11070
0.00000
1.00000
0.85313
0.00000
0.99616
0.09950
0.00000
0.00000
1.00000
0.08814
0.00000
0.10792
0.00000
1.00000
0.99951
0.00000
0.00000
0.00000
0.00000
1.00000
1.00000
0.00000
0.91918
0.99993
0.27548
0.99982
0.15635
1.00000
1.00000
0.00000
0.93100
0.52292
0.02580
0.13224
0.00000
0.99992
0.99993
0.89665
0.63076
0.00000
1.00000
1.00000
0.00000
0.99995
0.00267
0.00043
0.12633
0.99994
1.00000
1.00000
0.01336
0.30882
0.00000
0.00000
0.00334
0.88487
0.00004
1.00000
1.00000
0.99998
0.00003
0.00000
0.05746
0.98076
0.96284
0.99732
0.00231
0.00040
0.00000
0.45384
0.00000
0.00181
0.00000
0.00001
0.00160
1.00000
0.00056
0.00000
1.00000
1.00000
0.15865
0.00000
0.00000
0.00000
1.00000
1.00000
0.00000
0.89805
1.00000
0.25987
0.99972
0.00030
0.01442
0.95826
0.98844
0.12534
0.99448
0.68555
0.00000
0.00000
0.00195
0.06461
0.07183
1.00000
0.00001
0.04659
0.98905
0.88814
0.96414
1.00000
0.76693
0.00000
0.00000
0.00044
0.99983
1.00000
1.00000
0.00024
0.00288
1.00000
0.16753
0.05397
1.00000
1.00000
0.47193
0.00013
0.03201
0.00409
0.34455
0.02596
0.00002
0.99487
0.40848
0.00592
0.89612
0.25665
0.93607
1.00000
1.00000
0.03529
0.00000
0.94417
1.00000
1.00000
0.42062
0.95805
0.00000
0.99999
0.00455
0.30608
0.99989
0.84847
1.00000
0.23127
1.00000
0.00000
0.83239
0.00575
1.00000
0.15633
0.99921
0.90064
0.00000
0.95990
0.00000
1.00000
0.22250
0.98018
1.00000
0.00005
0.31989
1.00000
0.89048
0.00730
0.48830
1.00000
0.00000
0.00000
1.00000
1.00000
1.00000
0.00000
0.00000
0.00000
0.98661
0.32441
1.00000
0.00000
0.01712
1.00000
0.72190
0.93318
1.00000
0.65368
0.00003
1.00000
1.00000
0.99842
1.00000
0.00000
0.45468
0.00000
0.99922
0.00117
0.00000
1.00000
1.00000
0.78129
0.00000
0.00000
0.05563
0.93845
0.03640
0.01419
1.00000
0.89514
0.00000
1.00000
1.00000
1.00000
0.00000
0.90985
0.99425
0.00000
0.89595
1.00000
0.05562
0.92914
1.00000
0.16559
0.00107
1.00000
1.00000
0.00722
0.90663
0.95555
0.06045
0.04687
0.66362
0.00000
0.00001
0.99998
0.44125
0.39660
0.99604
0.64618
0.97397
0.94821
1.00000
0.00000
1.00000
1.00000
0.44711
0.98888
1.00000
0.36668
0.02372
0.00000
1.00000
1.00000
0.99658
1.00000
0.65984
0.90117
0.00030
0.99845
0.99924
0.99977
1.00000
1.00000
0.99496
0.06295
0.00000
0.99997
1.00000
0.99999
0.04258
0.00020
1.00000
0.00000
0.98254
1.00000
1.00000
0.00000
0.00000
0.06939
0.00000
0.97462
0.99408
0.02348
0.00000
0.60279
0.61845
0.00000
0.99999
0.99662
0.63156
1.00000
0.99970
0.00140
0.00087
1.00000
0.02242
0.67588
0.97033
1.00000
0.66972
0.32373
0.94518
0.49121
0.00000
1.00000
0.00000
0.91328
1.00000
0.00031
0.08925
0.01722
0.99445
0.00000
0.00265
0.00000
0.01628
0.24394
1.00000
0.98064
0.99912
1.00000
0.00001
0.07710
0.09011
0.99896
0.00000
0.00975
0.00000
0.70727
0.11540
0.00000
1.00000
0.96263
0.99997
0.00000
0.09907
0.88330
0.25184
1.00000
1.00000
0.06411
0.72747
0.00000
0.00000
0.99999
0.75230
0.09928
0.99836
0.99958
0.00000
0.79392
0.03520
0.00001
0.41268
1.00000
0.07327
0.00034
0.00000
1.00000
0.99754
0.00000
0.95479
0.18204
0.99957
0.92825
0.00005
0.00001
0.99613
1.00000
0.00000
0.15552
0.00265
0.99977
0.77760
0.00000
0.99658
0.99941
0.95719
0.00626
1.00000
1.00000
0.00020
0.00000
0.00000
0.98429
0.37404
0.00000
0.99988
0.00000
0.98637
1.00000
0.00000
1.00000
0.00963
0.99967
0.86523
0.91650
0.10615
0.00000
0.01455
0.02694
1.00000
0.99759
0.85626
0.00000
0.00147
0.00878
1.00000
0.44215
0.00463
1.00000
0.99912
0.59267
0.08072
0.00000
0.00000
1.00000
0.00000
1.00000
1.00000
0.00000
1.00000
1.00000
0.04972
0.00090
0.00044
0.00059
1.00000
0.00000
0.37616
0.99835
0.90143
0.99981
0.99875
0.00602
0.12232
0.53772
0.66427
0.99937
1.00000
0.00000
0.00000
0.88092
0.00000
0.20116
0.99980
1.00000
0.68437
0.84949
0.00000
0.54669
0.99997
0.17795
0.00000
0.99825
0.00019
0.00000
1.00000
0.02403
0.00000
0.49385
0.00000
0.98661
0.40236
0.00000
0.99713
0.22681
0.98847
1.00000
0.00000
0.00816
0.00000
0.00099
0.00000
0.96615
0.21609
1.00000
0.00000
0.00000
1.00000
1.00000
0.00070
0.00000
0.88509
0.27584
0.99966
1.00000
0.14119
0.99998
0.00876
0.00000
0.11884
0.21346
0.00780
0.00000
1.00000
0.00000
0.00003
0.00000
1.00000
0.00000
1.00000
0.58020
0.00000
0.54843
1.00000
1.00000
0.00519
1.00000
1.00000
0.00000
0.98930
0.00027
0.91474
0.99988
0.00000
0.99839
0.78800
0.37122
0.99997
1.00000
1.00000
0.99101
0.00014
0.00011
0.98398
0.99996
0.93097
0.00261
0.99991
0.00000
0.00000
0.99998
1.00000
0.00000
0.00000
0.08772
1.00000
0.00000
0.00000
1.00000
0.99990
0.00000
0.99998
0.00122
0.06740
0.00000
0.16285
0.00000
0.99634
0.00000
0.99605
0.99002
0.00000
0.43442
0.15158
0.00000
0.99934
0.99997
0.00000
0.00000
0.00000
1.00000
1.00000
0.99984
1.00000
0.71838
0.00000
0.00000
1.00000
0.00607
0.35379
