50 2450
1 2 68 42
1 3 1 35
1 4 25 70
1 5 59 79
1 6 65 63
1 7 46 6
1 8 28 82
1 9 92 62
1 10 43 96
1 11 37 28
1 12 5 92
1 13 54 3
1 14 83 93
1 15 17 22
1 16 96 19
1 17 27 48
1 18 39 72
1 19 13 70
1 20 100 68
1 21 95 36
1 22 12 4
1 23 34 23
1 24 65 74
1 25 12 42
1 26 69 54
1 27 45 48
1 28 58 63
1 29 60 38
1 30 42 24
1 31 79 30
1 32 36 17
1 33 43 91
1 34 7 89
1 35 43 41
1 36 49 65
1 37 6 47
1 38 30 91
1 39 51 71
1 40 2 7
1 41 49 94
1 42 24 30
1 43 55 85
1 44 41 57
1 45 77 67
1 46 9 32
1 47 40 45
1 48 24 27
1 49 39 38
1 50 83 19
2 1 42 30
2 3 16 34
2 4 59 40
2 5 31 5
2 6 7 78
2 7 87 74
2 8 46 22
2 9 73 25
2 10 30 71
2 11 74 78
2 12 13 98
2 13 91 87
2 14 37 62
2 15 68 56
2 16 75 56
2 17 53 32
2 18 51 51
2 19 25 42
2 20 31 67
2 21 92 8
2 22 38 8
2 23 88 58
2 24 84 54
2 25 10 46
2 26 59 10
2 27 89 22
2 28 47 23
2 29 31 7
2 30 69 14
2 31 92 1
2 32 56 63
2 33 60 11
2 34 38 25
2 35 84 49
2 36 42 96
2 37 51 3
2 38 37 92
2 39 21 75
2 40 22 97
2 41 100 49
2 42 85 69
2 43 35 82
2 44 100 54
2 45 39 19
2 46 89 1
2 47 68 28
2 48 94 29
2 49 84 49
2 50 22 8
3 1 18 11
3 2 15 14
3 4 17 10
3 5 52 36
3 6 50 1
3 7 57 20
3 8 4 99
3 9 9 25
3 10 10 45
3 11 3 90
3 12 86 96
3 13 44 94
3 14 88 24
3 15 4 15
3 16 1 49
3 17 19 59
3 18 97 81
3 19 82 99
3 20 99 90
3 21 58 10
3 22 23 73
3 23 93 39
3 24 80 39
3 25 58 91
3 26 92 59
3 27 89 16
3 28 12 57
3 29 35 3
3 30 56 73
3 31 47 29
3 32 87 63
3 33 34 76
3 34 43 70
3 35 17 45
3 36 99 82
3 37 52 23
3 38 100 22
3 39 77 58
3 40 90 93
3 41 13 76
3 42 11 1
3 43 70 4
3 44 89 62
3 45 90 2
3 46 24 56
3 47 86 3
3 48 86 83
3 49 27 89
3 50 58 18
4 1 33 33
4 2 55 70
4 3 90 22
4 5 30 77
4 6 93 69
4 7 56 26
4 8 50 35
4 9 13 42
4 10 61 46
4 11 54 19
4 12 24 40
4 13 97 80
4 14 30 88
4 15 38 50
4 16 50 67
4 17 96 94
4 18 17 98
4 19 6 87
4 20 83 89
4 21 35 56
4 22 2 15
4 23 72 17
4 24 64 87
4 25 56 14
4 26 54 86
4 27 9 13
4 28 46 33
4 29 57 14
4 30 59 22
4 31 83 47
4 32 45 82
4 33 23 97
4 34 62 30
4 35 51 36
4 36 67 74
4 37 60 45
4 38 40 93
4 39 25 54
4 40 11 55
4 41 50 46
4 42 14 87
4 43 23 75
4 44 19 69
4 45 6 88
4 46 92 59
4 47 26 3
4 48 15 78
4 49 25 15
4 50 75 35
5 1 60 73
5 2 71 34
5 3 98 88
5 4 78 19
5 6 71 74
5 7 69 64
5 8 86 93
5 9 81 3
5 10 28 14
5 11 100 3
5 12 26 28
5 13 25 44
5 14 73 24
5 15 82 62
5 16 33 4
5 17 94 6
5 18 32 26
5 19 43 93
5 20 87 23
5 21 1 65
5 22 61 88
5 23 75 14
5 24 71 71
5 25 34 36
5 26 61 12
5 27 68 97
5 28 51 86
5 29 95 41
5 30 25 96
5 31 26 20
5 32 95 77
5 33 3 59
5 34 67 72
5 35 94 79
5 36 85 52
5 37 65 19
5 38 53 20
5 39 88 1
5 40 27 61
5 41 58 11
5 42 16 71
5 43 28 77
5 44 59 44
5 45 10 65
5 46 87 83
5 47 88 66
5 48 75 78
5 49 28 26
5 50 29 30
6 1 21 24
6 2 63 3
6 3 97 24
6 4 62 38
6 5 26 96
6 7 61 65
6 8 17 3
6 9 27 31
6 10 72 12
6 11 48 12
6 12 21 54
6 13 25 91
6 14 64 89
6 15 52 41
6 16 30 63
6 17 14 1
6 18 79 59
6 19 8 66
6 20 1 78
6 21 40 59
6 22 61 4
6 23 25 58
6 24 9 78
6 25 88 14
6 26 51 2
6 27 29 61
6 28 85 94
6 29 41 6
6 30 5 12
6 31 57 36
6 32 51 73
6 33 86 24
6 34 17 57
6 35 58 27
6 36 58 27
6 37 72 38
6 38 62 70
6 39 23 97
6 40 13 18
6 41 97 18
6 42 42 86
6 43 30 24
6 44 66 30
6 45 33 60
6 46 56 97
6 47 63 54
6 48 35 85
6 49 73 55
6 50 70 58
7 1 64 33
7 2 84 8
7 3 36 12
7 4 49 68
7 5 39 76
7 6 43 24
7 8 12 55
7 9 76 42
7 10 26 60
7 11 71 22
7 12 35 27
7 13 84 6
7 14 99 51
7 15 2 80
7 16 35 94
7 17 35 38
7 18 94 57
7 19 6 77
7 20 49 63
7 21 1 82
7 22 42 14
7 23 56 56
7 24 63 43
7 25 78 12
7 26 79 25
7 27 44 53
7 28 74 97
7 29 14 41
7 30 73 76
7 31 11 19
7 32 33 18
7 33 96 13
7 34 32 70
7 35 89 41
7 36 91 86
7 37 90 98
7 38 46 91
7 39 15 54
7 40 41 52
7 41 59 45
7 42 60 36
7 43 6 93
7 44 82 65
7 45 30 4
7 46 9 76
7 47 98 93
7 48 57 50
7 49 28 62
7 50 42 68
8 1 41 30
8 2 75 14
8 3 78 2
8 4 84 16
8 5 93 14
8 6 2 25
8 7 60 93
8 9 29 71
8 10 85 28
8 11 87 76
8 12 71 99
8 13 48 88
8 14 4 5
8 15 64 22
8 16 64 7
8 17 72 11
8 18 41 90
8 19 43 65
8 20 14 20
8 21 5 92
8 22 33 19
8 23 6 51
8 24 40 76
8 25 23 4
8 26 48 99
8 27 49 85
8 28 65 72
8 29 76 14
8 30 13 46
8 31 79 47
8 32 63 70
8 33 86 20
8 34 45 90
8 35 41 66
8 36 9 46
8 37 71 19
8 38 24 2
8 39 73 33
8 40 88 53
8 41 64 71
8 42 4 2
8 43 28 24
8 44 70 1
8 45 66 16
8 46 44 29
8 47 89 48
8 48 38 44
8 49 64 10
8 50 82 50
9 1 43 89
9 2 61 9
9 3 59 22
9 4 89 55
9 5 91 47
9 6 44 50
9 7 21 31
9 8 68 49
9 10 84 37
9 11 27 36
9 12 39 86
9 13 30 54
9 14 49 25
9 15 60 24
9 16 67 58
9 17 56 45
9 18 27 19
9 19 26 12
9 20 2 56
9 21 97 50
9 22 16 85
9 23 43 65
9 24 14 76
9 25 97 43
9 26 73 49
9 27 7 27
9 28 30 74
9 29 6 5
9 30 13 27
9 31 94 76
9 32 37 66
9 33 42 37
9 34 95 15
9 35 53 57
9 36 39 37
9 37 56 83
9 38 32 16
9 39 42 31
9 40 12 26
9 41 87 38
9 42 51 91
9 43 35 63
9 44 54 94
9 45 53 17
9 46 63 9
9 47 55 34
9 48 35 4
9 49 57 4
9 50 25 49
10 1 14 18
10 2 29 10
10 3 81 1
10 4 59 19
10 5 56 51
10 6 65 62
10 7 77 4
10 8 10 44
10 9 62 3
10 11 49 90
10 12 54 83
10 13 21 75
10 14 24 3
10 15 70 32
10 16 60 79
10 17 20 9
10 18 4 72
10 19 82 46
10 20 93 5
10 21 14 86
10 22 90 99
10 23 39 23
10 24 11 38
10 25 35 62
10 26 62 9
10 27 94 60
10 28 70 16
10 29 70 38
10 30 1 59
10 31 65 72
10 32 16 18
10 33 16 56
10 34 40 31
10 35 89 13
10 36 55 83
10 37 11 86
10 38 75 85
10 39 16 81
10 40 42 52
10 41 80 16
10 42 99 11
10 43 89 74
10 44 33 78
10 45 90 57
10 46 9 14
10 47 91 42
10 48 64 24
10 49 85 29
10 50 1 79
11 1 86 72
11 2 72 75
11 3 68 34
11 4 96 54
11 5 26 69
11 6 30 77
11 7 99 51
11 8 94 10
11 9 81 87
11 10 50 17
11 12 29 68
11 13 65 80
11 14 6 22
11 15 17 27
11 16 27 17
11 17 88 67
11 18 65 82
11 19 87 41
11 20 63 22
11 21 65 22
11 22 16 10
11 23 74 3
11 24 42 25
11 25 63 46
11 26 32 24
11 27 69 7
11 28 3 19
11 29 8 8
11 30 13 82
11 31 31 37
11 32 10 15
11 33 57 85
11 34 94 91
11 35 53 97
11 36 46 55
11 37 49 9
11 38 13 92
11 39 15 32
11 40 59 40
11 41 5 23
11 42 53 96
11 43 80 70
11 44 24 39
11 45 67 19
11 46 99 60
11 47 97 87
11 48 34 63
11 49 23 59
11 50 93 47
12 1 26 38
12 2 59 48
12 3 8 3
12 4 31 99
12 5 1 93
12 6 100 79
12 7 49 53
12 8 41 83
12 9 76 16
12 10 68 63
12 11 98 37
12 13 98 19
12 14 52 29
12 15 31 17
12 16 26 50
12 17 30 59
12 18 41 21
12 19 48 61
12 20 56 63
12 21 93 76
12 22 55 62
12 23 47 99
12 24 47 15
12 25 70 89
12 26 64 39
12 27 16 76
12 28 76 22
12 29 29 16
12 30 71 35
12 31 65 6
12 32 63 58
12 33 25 62
12 34 70 50
12 35 24 31
12 36 34 51
12 37 11 26
12 38 37 38
12 39 79 38
12 40 37 94
12 41 65 15
12 42 50 92
12 43 6 36
12 44 5 38
12 45 24 38
12 46 71 65
12 47 69 9
12 48 86 82
12 49 74 53
12 50 95 53
13 1 27 77
13 2 73 97
13 3 41 50
13 4 20 75
13 5 12 44
13 6 90 42
13 7 66 20
13 8 86 6
13 9 51 17
13 10 10 16
13 11 67 65
13 12 75 94
13 14 1 10
13 15 74 96
13 16 62 90
13 17 69 73
13 18 32 59
13 19 27 69
13 20 23 11
13 21 80 75
13 22 53 11
13 23 92 83
13 24 65 96
13 25 65 75
13 26 56 3
13 27 75 61
13 28 22 73
13 29 48 23
13 30 90 78
13 31 96 6
13 32 51 95
13 33 55 44
13 34 13 82
13 35 40 73
13 36 13 29
13 37 68 63
13 38 16 9
13 39 24 9
13 40 35 60
13 41 87 5
13 42 59 20
13 43 7 46
13 44 1 67
13 45 93 68
13 46 33 88
13 47 75 57
13 48 22 48
13 49 23 84
13 50 77 32
14 1 49 84
14 2 83 24
14 3 77 19
14 4 12 21
14 5 57 83
14 6 26 91
14 7 87 25
14 8 70 78
14 9 35 44
14 10 69 78
14 11 92 69
14 12 84 97
14 13 28 29
14 15 72 27
14 16 13 98
14 17 28 4
14 18 46 9
14 19 86 9
14 20 38 39
14 21 14 44
14 22 51 2
14 23 12 29
14 24 50 51
14 25 55 93
14 26 82 70
14 27 68 66
14 28 94 14
14 29 73 35
14 30 31 73
14 31 43 2
14 32 78 78
14 33 3 71
14 34 82 65
14 35 24 91
14 36 24 38
14 37 96 80
14 38 28 70
14 39 11 43
14 40 59 83
14 41 88 27
14 42 29 71
14 43 59 52
14 44 61 14
14 45 87 84
14 46 11 43
14 47 29 73
14 48 42 35
14 49 4 19
14 50 66 68
15 1 82 39
15 2 51 58
15 3 99 15
15 4 62 59
15 5 57 64
15 6 79 8
15 7 36 90
15 8 76 66
15 9 87 87
15 10 61 34
15 11 49 31
15 12 93 29
15 13 41 34
15 14 36 67
15 16 100 11
15 17 93 38
15 18 29 83
15 19 70 53
15 20 95 45
15 21 53 9
15 22 33 48
15 23 9 36
15 24 98 65
15 25 50 44
15 26 42 16
15 27 1 90
15 28 49 13
15 29 52 24
15 30 34 75
15 31 1 92
15 32 91 55
15 33 20 98
15 34 79 81
15 35 45 32
15 36 88 41
15 37 26 100
15 38 39 84
15 39 94 93
15 40 12 53
15 41 35 61
15 42 98 41
15 43 30 86
15 44 6 41
15 45 93 92
15 46 50 11
15 47 80 79
15 48 78 72
15 49 94 74
15 50 98 21
16 1 77 27
16 2 83 91
16 3 60 79
16 4 90 19
16 5 50 60
16 6 73 25
16 7 9 81
16 8 9 68
16 9 4 78
16 10 8 71
16 11 75 97
16 12 12 23
16 13 62 20
16 14 91 57
16 15 84 64
16 17 33 17
16 18 42 53
16 19 14 55
16 20 97 63
16 21 16 61
16 22 100 5
16 23 81 37
16 24 33 99
16 25 85 88
16 26 18 41
16 27 71 7
16 28 83 42
16 29 24 50
16 30 6 59
16 31 96 22
16 32 17 97
16 33 79 79
16 34 59 80
16 35 51 78
16 36 30 8
16 37 96 82
16 38 77 79
16 39 100 54
16 40 66 85
16 41 9 94
16 42 44 73
16 43 15 30
16 44 56 69
16 45 74 92
16 46 49 23
16 47 87 52
16 48 47 45
16 49 18 78
16 50 17 30
17 1 92 75
17 2 13 70
17 3 94 47
17 4 16 92
17 5 58 50
17 6 53 41
17 7 52 37
17 8 27 88
17 9 56 63
17 10 95 84
17 11 98 81
17 12 66 66
17 13 62 14
17 14 79 79
17 15 41 79
17 16 48 12
17 18 71 46
17 19 90 76
17 20 50 51
17 21 66 34
17 22 83 15
17 23 33 8
17 24 68 97
17 25 83 23
17 26 42 11
17 27 88 32
17 28 80 6
17 29 39 22
17 30 48 52
17 31 47 9
17 32 60 77
17 33 23 90
17 34 87 67
17 35 29 56
17 36 61 15
17 37 78 54
17 38 4 49
17 39 32 62
17 40 56 83
17 41 7 98
17 42 22 53
17 43 82 97
17 44 56 22
17 45 25 48
17 46 36 19
17 47 75 77
17 48 99 60
17 49 54 75
17 50 36 23
18 1 89 44
18 2 33 54
18 3 81 48
18 4 79 27
18 5 2 51
18 6 100 62
18 7 64 56
18 8 74 17
18 9 46 62
18 10 75 74
18 11 54 51
18 12 88 82
18 13 11 100
18 14 66 44
18 15 30 73
18 16 13 82
18 17 82 77
18 19 91 48
18 20 6 72
18 21 33 73
18 22 21 90
18 23 32 66
18 24 94 59
18 25 79 7
18 26 7 49
18 27 67 72
18 28 98 97
18 29 95 21
18 30 89 30
18 31 85 10
18 32 79 70
18 33 16 18
18 34 85 27
18 35 7 69
18 36 98 29
18 37 91 19
18 38 86 100
18 39 100 87
18 40 11 21
18 41 14 72
18 42 86 16
18 43 81 19
18 44 68 32
18 45 45 88
18 46 8 87
18 47 28 61
18 48 32 75
18 49 72 53
18 50 94 69
19 1 38 86
19 2 5 12
19 3 7 78
19 4 23 69
19 5 1 14
19 6 38 43
19 7 89 39
19 8 90 56
19 9 82 48
19 10 85 94
19 11 62 88
19 12 18 94
19 13 83 2
19 14 66 48
19 15 5 54
19 16 96 85
19 17 22 26
19 18 82 65
19 20 7 73
19 21 44 57
19 22 81 94
19 23 69 81
19 24 14 12
19 25 52 69
19 26 80 17
19 27 41 69
19 28 34 32
19 29 64 80
19 30 54 60
19 31 96 37
19 32 75 66
19 33 36 21
19 34 77 81
19 35 26 56
19 36 9 72
19 37 57 60
19 38 33 3
19 39 41 6
19 40 63 76
19 41 63 86
19 42 37 81
19 43 3 98
19 44 81 9
19 45 77 41
19 46 94 59
19 47 47 41
19 48 74 75
19 49 81 98
19 50 73 36
20 1 8 1
20 2 67 56
20 3 89 42
20 4 69 82
20 5 97 16
20 6 10 26
20 7 37 13
20 8 63 56
20 9 43 44
20 10 23 22
20 11 49 13
20 12 69 19
20 13 15 18
20 14 91 51
20 15 60 36
20 16 96 70
20 17 41 4
20 18 100 80
20 19 92 6
20 21 82 62
20 22 54 53
20 23 30 34
20 24 43 88
20 25 84 54
20 26 15 21
20 27 45 19
20 28 30 64
20 29 65 53
20 30 71 70
20 31 48 6
20 32 88 95
20 33 77 27
20 34 41 24
20 35 91 80
20 36 11 89
20 37 46 72
20 38 71 22
20 39 90 84
20 40 79 56
20 41 7 80
20 42 36 63
20 43 97 88
20 44 89 34
20 45 80 36
20 46 91 94
20 47 66 63
20 48 6 2
20 49 68 8
20 50 35 70
21 1 58 72
21 2 46 99
21 3 19 98
21 4 45 39
21 5 64 73
21 6 65 29
21 7 24 2
21 8 5 91
21 9 28 2
21 10 93 98
21 11 64 72
21 12 64 2
21 13 66 22
21 14 46 22
21 15 96 11
21 16 23 42
21 17 52 13
21 18 56 16
21 19 39 94
21 20 83 80
21 22 55 9
21 23 8 23
21 24 39 46
21 25 91 45
21 26 55 40
21 27 24 5
21 28 79 26
21 29 82 25
21 30 34 31
21 31 95 24
21 32 47 31
21 33 46 88
21 34 17 6
21 35 90 51
21 36 64 39
21 37 98 36
21 38 31 10
21 39 9 25
21 40 75 38
21 41 73 21
21 42 56 94
21 43 62 35
21 44 7 57
21 45 76 85
21 46 20 83
21 47 33 42
21 48 80 85
21 49 84 80
21 50 37 68
22 1 19 26
22 2 29 38
22 3 78 20
22 4 92 38
22 5 96 57
22 6 2 61
22 7 33 94
22 8 81 37
22 9 8 76
22 10 75 85
22 11 91 20
22 12 42 77
22 13 30 52
22 14 75 91
22 15 92 73
22 16 88 90
22 17 40 91
22 18 54 94
22 19 82 64
22 20 6 4
22 21 80 77
22 23 40 96
22 24 99 69
22 25 40 84
22 26 22 16
22 27 27 94
22 28 39 23
22 29 82 29
22 30 79 100
22 31 24 92
22 32 35 44
22 33 50 44
22 34 8 3
22 35 42 3
22 36 47 88
22 37 38 92
22 38 1 14
22 39 91 17
22 40 36 63
22 41 11 27
22 42 83 78
22 43 90 61
22 44 75 6
22 45 23 64
22 46 67 96
22 47 39 61
22 48 12 89
22 49 68 46
22 50 68 26
23 1 43 90
23 2 48 64
23 3 18 3
23 4 24 100
23 5 4 27
23 6 52 49
23 7 37 71
23 8 68 59
23 9 6 57
23 10 63 32
23 11 76 20
23 12 32 57
23 13 45 96
23 14 4 92
23 15 16 89
23 16 20 51
23 17 92 73
23 18 34 84
23 19 43 76
23 20 1 70
23 21 79 55
23 22 58 86
23 24 94 34
23 25 4 91
23 26 34 51
23 27 72 23
23 28 91 12
23 29 42 39
23 30 48 59
23 31 59 53
23 32 3 80
23 33 91 84
23 34 69 3
23 35 96 23
23 36 9 36
23 37 43 62
23 38 100 95
23 39 79 89
23 40 58 43
23 41 48 42
23 42 46 70
23 43 14 81
23 44 11 65
23 45 86 62
23 46 5 74
23 47 4 63
23 48 70 3
23 49 30 55
23 50 75 53
24 1 31 50
24 2 45 45
24 3 19 50
24 4 64 66
24 5 74 53
24 6 32 71
24 7 12 48
24 8 99 70
24 9 4 99
24 10 80 53
24 11 44 54
24 12 89 23
24 13 35 64
24 14 23 51
24 15 12 41
24 16 52 93
24 17 78 81
24 18 77 17
24 19 21 79
24 20 49 16
24 21 80 99
24 22 58 36
24 23 63 84
24 25 63 3
24 26 71 21
24 27 74 23
24 28 87 42
24 29 18 89
24 30 93 18
24 31 68 99
24 32 66 50
24 33 33 90
24 34 82 20
24 35 31 4
24 36 32 29
24 37 53 90
24 38 73 31
24 39 8 65
24 40 29 96
24 41 91 82
24 42 78 11
24 43 37 72
24 44 44 60
24 45 34 41
24 46 94 38
24 47 75 31
24 48 83 94
24 49 62 4
24 50 63 91
25 1 98 8
25 2 24 52
25 3 18 91
25 4 4 41
25 5 84 67
25 6 60 62
25 7 87 46
25 8 66 52
25 9 41 2
25 10 98 10
25 11 51 84
25 12 22 59
25 13 82 76
25 14 72 88
25 15 100 88
25 16 80 5
25 17 1 39
25 18 62 31
25 19 6 19
25 20 29 41
25 21 23 60
25 22 61 99
25 23 36 99
25 24 15 82
25 26 94 68
25 27 62 97
25 28 39 47
25 29 39 71
25 30 56 77
25 31 72 18
25 32 53 61
25 33 34 59
25 34 66 56
25 35 2 27
25 36 60 35
25 37 49 94
25 38 93 74
25 39 34 94
25 40 4 38
25 41 12 91
25 42 69 95
25 43 99 28
25 44 49 90
25 45 48 80
25 46 32 50
25 47 76 70
25 48 50 99
25 49 100 37
25 50 44 24
26 1 55 32
26 2 35 62
26 3 68 86
26 4 94 17
26 5 67 5
26 6 9 54
26 7 85 24
26 8 68 93
26 9 70 49
26 10 12 31
26 11 91 15
26 12 44 28
26 13 100 5
26 14 96 75
26 15 59 7
26 16 59 90
26 17 90 10
26 18 41 48
26 19 65 19
26 20 27 76
26 21 4 90
26 22 13 67
26 23 71 41
26 24 96 77
26 25 87 42
26 27 10 52
26 28 84 88
26 29 91 86
26 30 87 51
26 31 82 56
26 32 3 29
26 33 63 78
26 34 66 25
26 35 33 73
26 36 29 86
26 37 90 47
26 38 84 79
26 39 66 26
26 40 46 61
26 41 22 79
26 42 21 56
26 43 74 28
26 44 52 35
26 45 37 76
26 46 2 35
26 47 11 38
26 48 91 75
26 49 72 57
26 50 36 81
27 1 83 46
27 2 19 26
27 3 13 74
27 4 99 38
27 5 63 6
27 6 93 18
27 7 48 40
27 8 4 47
27 9 16 32
27 10 59 40
27 11 46 30
27 12 100 95
27 13 73 46
27 14 63 76
27 15 74 73
27 16 39 81
27 17 43 98
27 18 4 9
27 19 26 78
27 20 2 35
27 21 83 79
27 22 37 70
27 23 40 79
27 24 22 39
27 25 64 27
27 26 76 78
27 28 82 25
27 29 62 1
27 30 3 63
27 31 96 49
27 32 17 85
27 33 8 38
27 34 85 94
27 35 60 45
27 36 59 22
27 37 69 44
27 38 20 78
27 39 42 58
27 40 65 92
27 41 16 24
27 42 30 73
27 43 16 42
27 44 37 16
27 45 60 58
27 46 53 1
27 47 42 94
27 48 49 30
27 49 99 28
27 50 25 25
28 1 34 75
28 2 39 86
28 3 63 71
28 4 85 30
28 5 79 10
28 6 86 24
28 7 25 1
28 8 6 94
28 9 66 13
28 10 8 68
28 11 85 78
28 12 91 5
28 13 92 35
28 14 86 22
28 15 91 35
28 16 99 43
28 17 19 87
28 18 25 22
28 19 77 98
28 20 70 55
28 21 28 9
28 22 69 94
28 23 3 67
28 24 1 39
28 25 19 20
28 26 85 91
28 27 57 40
28 29 33 9
28 30 15 79
28 31 40 88
28 32 21 75
28 33 55 28
28 34 42 89
28 35 43 99
28 36 22 3
28 37 47 5
28 38 10 57
28 39 9 34
28 40 34 62
28 41 5 87
28 42 43 86
28 43 61 43
28 44 21 62
28 45 79 44
28 46 14 88
28 47 92 64
28 48 16 35
28 49 62 57
28 50 12 13
29 1 52 60
29 2 71 39
29 3 8 25
29 4 85 8
29 5 2 52
29 6 59 90
29 7 91 42
29 8 13 14
29 9 61 56
29 10 73 94
29 11 77 3
29 12 74 44
29 13 52 67
29 14 29 76
29 15 62 33
29 16 4 70
29 17 8 30
29 18 52 93
29 19 93 54
29 20 20 71
29 21 8 73
29 22 6 95
29 23 84 41
29 24 10 63
29 25 39 8
29 26 72 61
29 27 55 72
29 28 15 48
29 30 30 24
29 31 67 90
29 32 57 88
29 33 71 33
29 34 67 40
29 35 84 23
29 36 54 61
29 37 92 6
29 38 87 60
29 39 30 88
29 40 18 43
29 41 57 46
29 42 53 89
29 43 67 55
29 44 61 34
29 45 32 20
29 46 68 39
29 47 99 77
29 48 21 15
29 49 8 54
29 50 17 70
30 1 43 23
30 2 64 8
30 3 48 61
30 4 31 94
30 5 44 18
30 6 15 77
30 7 18 27
30 8 21 35
30 9 93 72
30 10 55 65
30 11 94 67
30 12 76 65
30 13 13 1
30 14 52 1
30 15 80 77
30 16 78 44
30 17 62 90
30 18 73 86
30 19 45 35
30 20 64 62
30 21 47 5
30 22 9 89
30 23 31 58
30 24 65 24
30 25 47 75
30 26 82 38
30 27 12 19
30 28 92 93
30 29 24 33
30 31 92 62
30 32 31 62
30 33 70 99
30 34 1 92
30 35 18 80
30 36 15 18
30 37 42 96
30 38 68 37
30 39 54 29
30 40 74 10
30 41 4 82
30 42 17 70
30 43 68 84
30 44 3 86
30 45 58 31
30 46 68 82
30 47 67 11
30 48 72 88
30 49 46 78
30 50 39 65
31 1 48 72
31 2 93 16
31 3 58 12
31 4 54 6
31 5 81 72
31 6 31 41
31 7 21 76
31 8 78 91
31 9 87 99
31 10 90 5
31 11 45 32
31 12 11 89
31 13 20 19
31 14 28 60
31 15 20 10
31 16 17 80
31 17 97 1
31 18 59 54
31 19 94 31
31 20 50 7
31 21 73 55
31 22 95 61
31 23 34 55
31 24 30 47
31 25 29 72
31 26 42 60
31 27 89 22
31 28 34 67
31 29 71 86
31 30 62 30
31 32 9 61
31 33 63 83
31 34 79 7
31 35 98 80
31 36 39 88
31 37 84 70
31 38 96 41
31 39 34 67
31 40 58 10
31 41 35 18
31 42 36 54
31 43 94 59
31 44 94 44
31 45 52 67
31 46 95 41
31 47 75 38
31 48 98 13
31 49 96 52
31 50 93 18
32 1 38 93
32 2 14 31
32 3 11 97
32 4 29 90
32 5 87 10
32 6 41 45
32 7 70 83
32 8 94 21
32 9 63 93
32 10 28 15
32 11 95 8
32 12 14 6
32 13 14 12
32 14 65 94
32 15 96 4
32 16 82 63
32 17 10 47
32 18 69 49
32 19 12 25
32 20 36 55
32 21 34 28
32 22 63 41
32 23 78 28
32 24 41 18
32 25 1 43
32 26 59 1
32 27 55 77
32 28 31 36
32 29 96 32
32 30 24 38
32 31 28 23
32 33 12 30
32 34 55 12
32 35 54 81
32 36 22 94
32 37 29 86
32 38 1 44
32 39 72 56
32 40 53 71
32 41 32 76
32 42 35 41
32 43 87 41
32 44 49 35
32 45 66 40
32 46 13 97
32 47 53 63
32 48 88 32
32 49 58 65
32 50 57 49
33 1 51 71
33 2 2 83
33 3 100 94
33 4 45 33
33 5 76 32
33 6 51 5
33 7 67 27
33 8 2 39
33 9 44 24
33 10 81 42
33 11 19 96
33 12 64 60
33 13 30 29
33 14 55 89
33 15 80 14
33 16 67 70
33 17 78 80
33 18 3 38
33 19 93 16
33 20 73 24
33 21 24 49
33 22 49 54
33 23 98 96
33 24 9 9
33 25 94 12
33 26 82 66
33 27 11 3
33 28 57 29
33 29 66 6
33 30 70 24
33 31 54 16
33 32 85 6
33 34 46 79
33 35 34 41
33 36 1 86
33 37 95 69
33 38 86 34
33 39 82 49
33 40 57 33
33 41 73 11
33 42 2 83
33 43 36 7
33 44 72 61
33 45 38 28
33 46 69 44
33 47 96 34
33 48 4 72
33 49 12 43
33 50 35 80
34 1 94 13
34 2 62 31
34 3 59 35
34 4 7 27
34 5 44 92
34 6 28 89
34 7 85 20
34 8 94 25
34 9 25 36
34 10 83 95
34 11 28 68
34 12 47 6
34 13 90 87
34 14 38 41
34 15 60 51
34 16 57 79
34 17 4 78
34 18 1 43
34 19 26 12
34 20 96 44
34 21 16 17
34 22 7 5
34 23 42 69
34 24 99 36
34 25 14 26
34 26 13 24
34 27 58 19
34 28 40 97
34 29 95 87
34 30 44 47
34 31 12 23
34 32 56 81
34 33 48 59
34 35 91 71
34 36 28 74
34 37 55 14
34 38 73 97
34 39 42 51
34 40 47 42
34 41 14 26
34 42 30 25
34 43 4 96
34 44 94 95
34 45 88 68
34 46 80 41
34 47 26 42
34 48 61 35
34 49 8 1
34 50 93 22
35 1 18 94
35 2 4 18
35 3 94 44
35 4 12 40
35 5 29 26
35 6 49 79
35 7 93 51
35 8 55 45
35 9 54 24
35 10 48 37
35 11 27 47
35 12 5 62
35 13 72 39
35 14 6 87
35 15 57 100
35 16 68 29
35 17 20 52
35 18 67 92
35 19 47 18
35 20 88 94
35 21 13 22
35 22 100 68
35 23 98 45
35 24 29 2
35 25 5 43
35 26 69 69
35 27 97 42
35 28 21 63
35 29 19 45
35 30 20 26
35 31 75 85
35 32 60 85
35 33 15 50
35 34 4 96
35 36 52 33
35 37 15 38
35 38 52 64
35 39 91 20
35 40 84 18
35 41 85 19
35 42 87 53
35 43 49 70
35 44 98 38
35 45 69 25
35 46 49 28
35 47 83 94
35 48 70 72
35 49 78 94
35 50 5 15
36 1 44 85
36 2 12 96
36 3 93 94
36 4 91 99
36 5 91 100
36 6 75 94
36 7 75 50
36 8 74 15
36 9 19 70
36 10 34 66
36 11 12 39
36 12 64 53
36 13 50 9
36 14 46 89
36 15 21 32
36 16 72 7
36 17 22 69
36 18 58 59
36 19 83 48
36 20 23 39
36 21 7 24
36 22 90 7
36 23 46 57
36 24 24 52
36 25 51 19
36 26 37 98
36 27 7 92
36 28 14 11
36 29 81 52
36 30 44 45
36 31 46 42
36 32 50 79
36 33 15 6
36 34 28 86
36 35 5 25
36 37 18 57
36 38 56 28
36 39 87 3
36 40 99 69
36 41 12 80
36 42 59 90
36 43 76 91
36 44 33 11
36 45 97 90
36 46 13 51
36 47 30 23
36 48 37 73
36 49 54 78
36 50 71 77
37 1 53 86
37 2 98 52
37 3 2 52
37 4 94 36
37 5 17 73
37 6 29 17
37 7 26 12
37 8 97 39
37 9 45 40
37 10 27 57
37 11 59 3
37 12 22 89
37 13 9 87
37 14 29 78
37 15 48 80
37 16 81 50
37 17 29 46
37 18 27 63
37 19 78 20
37 20 48 92
37 21 32 86
37 22 85 7
37 23 70 55
37 24 57 10
37 25 46 22
37 26 17 66
37 27 98 61
37 28 91 36
37 29 50 78
37 30 87 6
37 31 76 89
37 32 78 44
37 33 88 31
37 34 83 56
37 35 1 54
37 36 90 55
37 38 16 89
37 39 11 9
37 40 100 41
37 41 8 98
37 42 5 55
37 43 86 38
37 44 93 100
37 45 13 14
37 46 84 83
37 47 30 52
37 48 34 38
37 49 65 1
37 50 58 84
38 1 11 69
38 2 9 69
38 3 33 42
38 4 85 38
38 5 2 100
38 6 84 70
38 7 93 57
38 8 88 41
38 9 11 13
38 10 36 21
38 11 16 64
38 12 78 98
38 13 35 75
38 14 34 54
38 15 87 79
38 16 35 25
38 17 50 76
38 18 85 13
38 19 93 25
38 20 23 5
38 21 14 56
38 22 74 63
38 23 61 85
38 24 54 23
38 25 23 98
38 26 38 51
38 27 7 18
38 28 98 32
38 29 37 6
38 30 100 58
38 31 99 91
38 32 48 86
38 33 93 85
38 34 97 26
38 35 29 56
38 36 43 39
38 37 96 29
38 39 38 43
38 40 68 7
38 41 94 54
38 42 47 6
38 43 25 10
38 44 66 55
38 45 7 40
38 46 93 10
38 47 76 100
38 48 62 37
38 49 19 48
38 50 28 14
39 1 97 13
39 2 42 10
39 3 91 31
39 4 16 35
39 5 24 87
39 6 45 67
39 7 38 37
39 8 94 17
39 9 72 50
39 10 78 45
39 11 1 86
39 12 86 91
39 13 19 26
39 14 7 69
39 15 9 30
39 16 26 42
39 17 81 37
39 18 71 17
39 19 48 85
39 20 37 29
39 21 1 5
39 22 65 24
39 23 41 12
39 24 5 51
39 25 67 84
39 26 71 42
39 27 7 46
39 28 57 89
39 29 67 8
39 30 79 58
39 31 75 100
39 32 92 56
39 33 33 91
39 34 97 59
39 35 91 18
39 36 8 68
39 37 47 35
39 38 3 63
39 40 27 40
39 41 7 96
39 42 51 15
39 43 80 87
39 44 23 77
39 45 2 80
39 46 77 13
39 47 58 65
39 48 39 71
39 49 45 13
39 50 81 62
40 1 44 1
40 2 62 57
40 3 40 48
40 4 91 9
40 5 80 53
40 6 20 19
40 7 85 8
40 8 78 48
40 9 14 76
40 10 72 10
40 11 40 43
40 12 22 37
40 13 35 2
40 14 59 30
40 15 70 37
40 16 5 98
40 17 3 99
40 18 39 6
40 19 66 33
40 20 82 17
40 21 24 80
40 22 72 28
40 23 83 14
40 24 17 41
40 25 20 89
40 26 14 90
40 27 52 60
40 28 84 72
40 29 39 65
40 30 85 13
40 31 2 60
40 32 34 75
40 33 15 60
40 34 96 50
40 35 42 23
40 36 78 17
40 37 66 53
40 38 39 92
40 39 68 11
40 41 88 56
40 42 23 25
40 43 42 40
40 44 5 49
40 45 69 35
40 46 73 42
40 47 75 69
40 48 38 77
40 49 42 34
40 50 19 46
41 1 75 16
41 2 47 53
41 3 25 57
41 4 82 67
41 5 41 45
41 6 97 35
41 7 28 77
41 8 19 6
41 9 42 92
41 10 92 66
41 11 60 72
41 12 18 1
41 13 44 17
41 14 65 25
41 15 58 6
41 16 67 3
41 17 47 76
41 18 90 33
41 19 46 47
41 20 53 4
41 21 27 2
41 22 85 54
41 23 51 50
41 24 47 6
41 25 71 26
41 26 96 37
41 27 24 94
41 28 57 33
41 29 11 97
41 30 93 77
41 31 91 51
41 32 53 96
41 33 16 51
41 34 62 37
41 35 85 61
41 36 35 30
41 37 83 51
41 38 37 7
41 39 91 85
41 40 83 18
41 42 17 67
41 43 26 89
41 44 11 2
41 45 83 51
41 46 94 22
41 47 55 39
41 48 96 94
41 49 39 81
41 50 21 68
42 1 84 46
42 2 97 66
42 3 91 34
42 4 90 33
42 5 84 40
42 6 30 18
42 7 80 54
42 8 1 14
42 9 46 53
42 10 52 62
42 11 64 19
42 12 8 14
42 13 77 55
42 14 12 18
42 15 65 30
42 16 32 67
42 17 99 43
42 18 56 23
42 19 58 88
42 20 65 59
42 21 11 63
42 22 66 47
42 23 66 81
42 24 41 47
42 25 43 98
42 26 95 65
42 27 71 85
42 28 1 16
42 29 7 7
42 30 97 3
42 31 12 34
42 32 16 68
42 33 76 46
42 34 49 55
42 35 80 20
42 36 22 89
42 37 98 93
42 38 10 98
42 39 72 53
42 40 23 59
42 41 98 60
42 43 100 100
42 44 21 21
42 45 85 37
42 46 16 13
42 47 86 54
42 48 100 42
42 49 9 68
42 50 70 45
43 1 80 82
43 2 8 9
43 3 7 60
43 4 76 50
43 5 25 27
43 6 75 8
43 7 29 85
43 8 46 47
43 9 15 82
43 10 69 50
43 11 8 39
43 12 5 94
43 13 98 6
43 14 56 18
43 15 44 42
43 16 98 34
43 17 37 80
43 18 34 56
43 19 31 55
43 20 5 53
43 21 89 80
43 22 55 71
43 23 77 73
43 24 16 2
43 25 32 87
43 26 76 81
43 27 15 61
43 28 58 39
43 29 39 91
43 30 48 82
43 31 19 43
43 32 32 71
43 33 20 62
43 34 91 82
43 35 73 34
43 36 3 64
43 37 29 3
43 38 99 22
43 39 46 48
43 40 23 7
43 41 95 87
43 42 45 78
43 44 48 84
43 45 86 41
43 46 24 65
43 47 54 38
43 48 31 69
43 49 67 56
43 50 13 59
44 1 19 57
44 2 43 2
44 3 7 77
44 4 85 3
44 5 71 24
44 6 51 13
44 7 12 76
44 8 96 51
44 9 21 89
44 10 84 2
44 11 93 99
44 12 85 49
44 13 88 46
44 14 44 63
44 15 60 59
44 16 17 72
44 17 33 73
44 18 84 42
44 19 16 89
44 20 17 77
44 21 40 99
44 22 6 84
44 23 47 98
44 24 76 70
44 25 88 18
44 26 31 21
44 27 36 43
44 28 74 90
44 29 74 81
44 30 87 78
44 31 86 82
44 32 46 23
44 33 86 80
44 34 36 14
44 35 84 36
44 36 97 87
44 37 86 49
44 38 22 53
44 39 83 61
44 40 89 37
44 41 37 20
44 42 66 93
44 43 99 79
44 45 87 97
44 46 77 12
44 47 22 48
44 48 46 3
44 49 65 3
44 50 73 40
45 1 71 58
45 2 55 21
45 3 81 60
45 4 92 99
45 5 11 61
45 6 68 92
45 7 76 34
45 8 100 37
45 9 91 76
45 10 57 77
45 11 4 73
45 12 68 87
45 13 43 16
45 14 67 96
45 15 87 57
45 16 99 38
45 17 65 27
45 18 66 86
45 19 41 9
45 20 15 61
45 21 13 55
45 22 39 53
45 23 26 7
45 24 50 31
45 25 80 80
45 26 39 14
45 27 22 18
45 28 92 46
45 29 40 70
45 30 66 9
45 31 74 63
45 32 71 82
45 33 54 48
45 34 9 9
45 35 30 16
45 36 90 67
45 37 72 64
45 38 60 42
45 39 73 32
45 40 67 15
45 41 71 89
45 42 100 69
45 43 51 56
45 44 37 45
45 46 7 79
45 47 14 28
45 48 72 24
45 49 74 28
45 50 74 62
46 1 3 35
46 2 18 88
46 3 54 64
46 4 96 27
46 5 14 96
46 6 71 7
46 7 6 60
46 8 34 97
46 9 53 24
46 10 20 80
46 11 94 27
46 12 66 86
46 13 45 72
46 14 72 8
46 15 100 88
46 16 97 20
46 17 53 16
46 18 54 93
46 19 91 58
46 20 58 60
46 21 10 87
46 22 87 66
46 23 60 20
46 24 36 14
46 25 2 29
46 26 70 69
46 27 32 57
46 28 75 79
46 29 44 96
46 30 17 75
46 31 12 25
46 32 23 86
46 33 58 72
46 34 75 96
46 35 84 39
46 36 96 59
46 37 84 23
46 38 4 32
46 39 1 33
46 40 81 91
46 41 6 9
46 42 59 3
46 43 58 19
46 44 21 62
46 45 57 29
46 47 33 14
46 48 83 93
46 49 21 68
46 50 75 59
47 1 95 88
47 2 65 84
47 3 15 65
47 4 91 47
47 5 56 26
47 6 68 64
47 7 32 93
47 8 81 20
47 9 29 19
47 10 21 49
47 11 92 80
47 12 88 67
47 13 27 9
47 14 60 26
47 15 21 19
47 16 15 36
47 17 48 57
47 18 35 57
47 19 52 61
47 20 79 9
47 21 90 95
47 22 77 25
47 23 91 95
47 24 73 90
47 25 2 20
47 26 45 3
47 27 40 24
47 28 28 10
47 29 87 38
47 30 28 17
47 31 24 70
47 32 15 100
47 33 45 16
47 34 70 37
47 35 77 79
47 36 53 59
47 37 38 47
47 38 89 16
47 39 89 17
47 40 75 83
47 41 16 34
47 42 57 57
47 43 17 63
47 44 30 25
47 45 85 43
47 46 50 73
47 48 27 97
47 49 3 83
47 50 17 76
48 1 53 66
48 2 56 60
48 3 45 18
48 4 44 55
48 5 100 25
48 6 22 23
48 7 14 34
48 8 94 18
48 9 61 74
48 10 75 76
48 11 2 86
48 12 9 23
48 13 27 96
48 14 92 21
48 15 30 89
48 16 78 73
48 17 9 94
48 18 23 55
48 19 38 77
48 20 4 17
48 21 13 91
48 22 54 90
48 23 100 80
48 24 3 23
48 25 70 3
48 26 30 55
48 27 39 35
48 28 27 75
48 29 35 64
48 30 49 73
48 31 4 54
48 32 19 8
48 33 38 34
48 34 80 96
48 35 45 62
48 36 62 60
48 37 77 8
48 38 46 73
48 39 73 93
48 40 97 29
48 41 36 12
48 42 30 36
48 43 33 17
48 44 59 57
48 45 21 50
48 46 25 97
48 47 27 21
48 49 84 7
48 50 75 46
49 1 89 92
49 2 65 39
49 3 78 5
49 4 43 54
49 5 24 5
49 6 26 53
49 7 43 12
49 8 50 25
49 9 91 36
49 10 29 47
49 11 5 56
49 12 10 42
49 13 80 82
49 14 84 3
49 15 33 93
49 16 100 13
49 17 48 62
49 18 91 6
49 19 60 70
49 20 40 29
49 21 81 29
49 22 79 72
49 23 57 41
49 24 45 49
49 25 26 46
49 26 99 11
49 27 81 17
49 28 65 16
49 29 73 27
49 30 94 80
49 31 6 83
49 32 34 37
49 33 88 6
49 34 39 33
49 35 65 66
49 36 100 19
49 37 9 33
49 38 39 97
49 39 39 79
49 40 60 46
49 41 45 70
49 42 70 63
49 43 19 50
49 44 59 68
49 45 62 44
49 46 91 4
49 47 27 87
49 48 5 4
49 50 69 1
50 1 48 24
50 2 67 97
50 3 66 31
50 4 1 53
50 5 74 18
50 6 69 87
50 7 80 98
50 8 29 25
50 9 59 61
50 10 68 26
50 11 35 13
50 12 70 53
50 13 71 63
50 14 36 12
50 15 12 91
50 16 51 65
50 17 46 61
50 18 55 68
50 19 18 88
50 20 43 66
50 21 74 89
50 22 80 16
50 23 89 38
50 24 87 70
50 25 10 31
50 26 22 41
50 27 82 20
50 28 21 27
50 29 55 12
50 30 85 94
50 31 100 58
50 32 30 37
50 33 58 51
50 34 66 6
50 35 50 35
50 36 93 95
50 37 20 71
50 38 14 18
50 39 18 54
50 40 61 78
50 41 54 6
50 42 63 92
50 43 55 77
50 44 35 73
50 45 51 17
50 46 46 94
50 47 48 53
50 48 62 22
50 49 60 45