30
a
16 a a a a a a a a a a a a a a a a
16 1 1 1 1 1 1 1 1 1 1 1 1 1 1 1 1
16 2 2 2 2 2 2 2 2 2 2 2 2 2 2 2 2
16 3 3 3 3 3 3 3 3 3 3 3 3 3 3 3 3
16 4 4 4 4 4 4 4 4 4 4 4 4 4 4 4 4
16 5 5 5 5 5 5 5 5 5 5 5 5 5 5 5 5
16 6 6 6 6 6 6 6 6 6 6 6 6 6 6 6 6
16 7 7 7 7 7 7 7 7 7 7 7 7 7 7 7 7
16 8 8 8 8 8 8 8 8 8 8 8 8 8 8 8 8
16 9 9 9 9 9 9 9 9 9 9 9 9 9 9 9 9
16 10 10 10 10 10 10 10 10 10 10 10 10 10 10 10 10
16 11 11 11 11 11 11 11 11 11 11 11 11 11 11 11 11
16 12 12 12 12 12 12 12 12 12 12 12 12 12 12 12 12
16 13 13 13 13 13 13 13 13 13 13 13 13 13 13 13 13
16 14 14 14 14 14 14 14 14 14 14 14 14 14 14 14 14
16 15 15 15 15 15 15 15 15 15 15 15 15 15 15 15 15
16 16 16 16 16 16 16 16 16 16 16 16 16 16 16 16 16
16 17 17 17 17 17 17 17 17 17 17 17 17 17 17 17 17
16 18 18 18 18 18 18 18 18 18 18 18 18 18 18 18 18
16 19 19 19 19 19 19 19 19 19 19 19 19 19 19 19 19
16 20 20 20 20 20 20 20 20 20 20 20 20 20 20 20 20
16 21 21 21 21 21 21 21 21 21 21 21 21 21 21 21 21
16 22 22 22 22 22 22 22 22 22 22 22 22 22 22 22 22
16 23 23 23 23 23 23 23 23 23 23 23 23 23 23 23 23
16 24 24 24 24 24 24 24 24 24 24 24 24 24 24 24 24
16 25 25 25 25 25 25 25 25 25 25 25 25 25 25 25 25
16 26 26 26 26 26 26 26 26 26 26 26 26 26 26 26 26
16 27 27 27 27 27 27 27 27 27 27 27 27 27 27 27 27
16 28 28 28 28 28 28 28 28 28 28 28 28 28 28 28 28
16 29 29 29 29 29 29 29 29 29 29 29 29 29 29 29 29
