100
3 5 6 10 13 15 16 18 23 27 28 29 31 33 34 35 42 46 50 54 60 63 66 67 78 80 83 87 94 98 0
4 9 10 13 16 22 26 29 33 35 37 39 42 44 48 49 54 61 64 68 69 74 76 77 79 82 83 89 96 97 0
1 6 8 9 16 19 24 25 27 29 30 31 39 41 49 53 59 61 62 68 69 71 74 77 78 82 83 90 91 99 0
2 5 7 10 11 24 26 27 43 45 56 58 60 61 64 65 72 78 94 95 0
1 4 11 12 17 27 31 39 41 43 44 53 54 59 60 66 67 71 74 75 82 83 85 93 99 100 0
1 3 9 11 26 27 38 47 51 60 66 80 81 82 85 88 90 91 94 0
4 9 15 16 23 26 27 29 31 36 38 44 47 55 59 62 64 69 70 72 75 78 79 89 91 96 0
3 14 19 20 22 27 31 35 37 40 44 45 55 60 62 67 69 70 72 75 89 92 94 0
2 3 6 7 19 20 23 29 30 31 33 34 42 44 47 51 57 58 61 65 68 77 82 93 94 95 96 97 98 0
1 2 4 12 13 14 15 17 19 23 32 35 41 45 46 47 50 55 57 58 81 82 84 90 91 93 0
4 5 6 12 16 18 24 26 28 31 36 52 60 62 65 69 77 78 81 84 95 0
5 10 11 16 26 37 38 41 43 58 62 63 72 73 75 81 82 84 86 87 94 0
1 2 10 14 15 22 23 34 38 42 43 45 49 54 56 62 66 70 71 72 75 76 78 79 82 89 0
8 10 13 17 24 28 31 34 35 36 38 40 49 59 61 63 64 67 68 76 88 91 92 95 99 0
1 7 10 13 16 17 19 20 23 24 27 29 30 31 32 33 34 41 43 44 47 64 66 70 71 73 76 79 81 93 94 0
1 2 3 7 11 12 15 19 20 26 29 32 46 47 48 52 57 65 66 67 71 84 86 88 0
5 10 14 15 18 26 28 29 32 39 41 47 48 50 52 53 55 63 64 66 75 78 83 89 90 91 93 94 99 0
1 11 17 19 22 28 30 33 35 36 37 39 42 45 54 69 73 75 83 84 85 88 90 99 100 0
3 8 9 10 15 16 18 22 25 27 29 31 32 35 37 38 39 45 47 48 50 62 69 72 73 75 79 80 85 90 91 96 98 99 100 0
8 9 15 16 28 36 39 42 44 46 49 53 54 57 60 68 69 72 79 88 0
23 25 30 34 35 37 38 39 40 43 45 47 50 51 56 57 61 73 76 77 79 82 87 0
2 8 13 18 19 39 41 42 43 45 46 50 51 52 53 54 59 60 67 68 69 70 74 75 79 84 87 92 96 97 0
1 7 9 10 13 15 21 25 27 29 31 32 33 36 41 53 54 55 57 66 67 68 69 73 81 87 91 99 0
3 4 11 14 15 28 30 31 37 39 41 42 47 49 51 53 59 69 77 79 83 89 96 0
3 19 21 23 27 28 32 41 42 45 61 62 73 83 85 88 89 90 92 96 98 0
2 4 6 7 11 12 16 17 28 33 36 39 41 52 53 56 60 62 69 73 80 81 85 86 94 0
1 3 4 5 6 7 8 15 19 23 25 43 46 51 66 70 73 81 96 98 0
1 11 14 17 18 20 24 25 26 30 35 36 43 44 45 51 57 58 61 67 68 70 71 74 85 87 88 95 0
1 2 3 7 9 15 16 17 19 23 30 41 42 46 53 57 60 69 78 82 85 86 88 90 0
3 9 15 18 21 24 28 29 36 37 40 45 47 52 54 57 60 64 72 83 87 90 91 0
1 3 5 7 8 9 11 14 15 19 23 24 32 40 41 42 44 45 46 50 54 58 61 64 65 74 77 78 85 87 0
10 15 16 17 19 23 25 31 35 38 39 41 46 56 59 60 61 83 85 86 91 92 0
1 2 9 15 18 23 26 37 40 43 45 47 52 58 66 71 74 79 88 91 95 98 0
1 9 13 14 15 21 37 40 44 46 52 56 64 67 68 73 86 98 0
1 2 8 10 14 18 19 21 28 32 47 48 55 57 62 66 78 79 80 81 88 89 92 100 0
7 11 14 18 20 23 26 28 30 37 46 47 48 51 55 57 60 66 69 70 71 75 82 89 93 95 96 99 0
2 8 12 18 19 21 24 30 33 34 36 41 42 43 44 45 46 47 53 57 58 59 69 73 74 80 87 95 99 0
6 7 12 13 14 19 21 32 63 78 83 84 91 0
2 3 5 17 18 19 20 21 22 24 26 32 41 42 43 46 48 50 56 57 63 64 65 67 77 84 88 89 90 93 94 97 0
8 14 21 30 31 33 34 44 46 49 52 53 54 58 62 67 72 80 82 83 85 87 92 94 98 0
3 5 10 12 15 17 22 23 24 25 26 29 31 32 37 39 44 46 47 50 52 56 58 60 61 65 67 86 92 94 0
1 2 9 13 18 20 22 24 25 29 31 37 39 45 46 48 49 51 53 58 59 60 63 69 70 76 96 98 0
4 5 12 13 15 21 22 27 28 33 37 39 47 49 50 54 55 56 59 64 65 66 75 77 82 86 89 90 92 94 99 0
2 5 7 8 9 15 20 28 31 34 37 40 41 46 51 52 53 54 56 57 59 69 70 75 82 83 86 88 90 0
4 8 10 13 18 19 21 22 25 28 30 31 33 37 42 46 50 58 62 64 67 69 78 100 0
1 10 16 20 22 27 29 31 32 34 36 37 39 40 41 42 44 45 48 54 61 63 65 67 68 69 74 75 82 86 89 90 100 0
6 7 9 10 15 16 17 19 21 24 30 33 35 36 37 41 43 51 53 58 64 72 79 81 82 90 92 94 99 0
2 16 17 19 35 36 39 42 46 49 52 53 54 56 58 65 73 79 80 84 90 0
2 3 13 14 20 24 40 42 43 48 55 60 65 84 86 88 93 99 0
1 10 17 19 21 22 31 39 41 43 45 61 64 67 73 78 79 81 83 87 88 91 0
6 9 21 22 24 27 28 36 42 44 47 54 55 56 63 65 67 72 74 78 84 86 87 91 95 0
11 16 17 22 26 30 33 34 40 41 44 48 53 56 60 61 64 67 77 82 83 88 91 92 93 95 96 99 0
3 5 17 20 22 23 24 26 29 37 40 42 44 47 48 52 54 60 61 71 74 79 81 87 94 97 0
1 2 5 13 18 20 22 23 30 31 40 43 44 46 48 51 53 58 59 62 67 70 71 73 84 89 93 97 0
7 8 10 17 23 35 36 43 49 51 57 59 61 65 68 75 77 78 79 90 97 98 0
4 13 21 26 32 34 39 41 43 44 48 51 52 58 59 60 61 68 72 73 80 82 92 98 0
9 10 16 20 21 23 28 29 30 35 36 37 39 44 55 59 60 73 79 80 82 83 86 87 89 91 92 96 98 0
4 9 10 12 28 31 33 37 40 41 42 45 47 48 54 56 63 67 68 71 75 93 95 98 0
3 5 7 14 22 24 32 37 42 43 44 54 55 56 57 60 62 65 69 71 76 79 86 89 90 91 92 93 94 0
1 4 5 6 8 11 20 22 26 29 30 32 36 41 42 49 52 53 56 57 59 64 65 67 68 69 81 82 85 90 91 95 99 0
2 3 4 9 14 21 25 28 31 32 41 46 50 52 53 55 56 63 70 74 76 83 85 86 88 96 97 0
3 7 8 11 12 13 19 25 26 35 40 45 54 59 63 64 66 68 69 72 74 84 85 87 92 99 0
1 12 14 17 38 39 42 46 51 58 61 62 65 72 77 79 80 86 92 98 99 0
2 4 7 14 15 17 30 31 34 39 43 45 47 50 52 60 62 65 69 71 72 76 84 85 93 94 95 0
4 9 11 16 31 39 41 43 46 48 49 51 55 59 60 63 64 66 78 83 86 88 89 95 99 0
1 5 6 13 15 16 17 23 27 33 35 36 43 62 65 85 87 88 95 96 97 100 0
1 5 8 14 16 22 23 28 34 39 40 41 45 46 50 51 52 54 58 60 71 73 81 83 86 88 90 98 0
2 3 9 14 20 22 23 28 34 46 55 56 58 60 62 71 72 78 81 87 88 90 91 94 0
2 3 7 8 11 18 19 20 22 23 24 26 29 36 37 42 44 45 46 59 60 62 64 72 75 76 78 80 94 96 99 0
7 8 13 15 22 27 28 36 42 44 54 61 72 75 79 90 94 100 0
3 5 13 15 16 28 33 36 53 54 58 59 64 67 68 72 74 85 91 92 96 99 0
4 7 8 12 13 19 20 30 40 47 51 56 62 63 64 68 69 70 71 74 75 80 82 85 93 96 0
12 15 18 19 21 23 25 26 27 34 37 48 50 54 56 57 67 77 80 82 85 88 92 0
2 3 5 22 28 31 33 37 46 51 53 61 62 71 72 75 77 79 87 88 93 95 96 98 0
5 7 8 12 13 17 18 19 22 36 43 44 46 55 58 69 70 72 74 78 85 90 94 0
2 13 14 15 21 42 59 61 64 69 80 85 92 96 98 99 100 0
2 3 9 11 21 24 31 39 43 52 55 63 73 74 90 92 96 0
1 3 4 7 11 13 17 29 31 35 38 45 50 51 55 65 68 69 75 80 82 86 88 93 95 0
2 7 13 15 19 20 21 22 24 33 35 47 48 50 53 55 57 59 63 70 74 87 88 89 90 92 99 0
1 6 19 26 35 37 40 48 56 57 63 69 72 73 76 78 88 90 91 92 95 100 0
6 10 11 12 15 23 26 27 35 47 50 53 60 67 68 85 86 91 92 95 97 0
2 3 5 6 9 10 12 13 21 29 36 40 43 44 46 47 52 56 57 60 72 73 78 88 89 91 95 0
1 2 3 5 17 18 24 25 30 32 38 40 44 50 52 57 61 65 67 84 85 91 96 98 0
10 11 12 16 18 22 38 39 48 49 51 54 62 64 83 90 95 97 0
5 6 18 19 25 26 28 29 31 32 40 60 61 62 64 66 71 72 73 75 76 81 83 98 99 0
12 16 26 29 32 34 41 43 44 46 49 51 57 59 61 63 65 67 78 81 89 92 94 0
1 12 21 22 23 28 30 31 37 40 50 51 53 57 62 66 68 74 79 90 91 0
6 14 16 18 20 25 28 29 33 35 39 44 49 50 52 61 65 66 67 68 73 74 78 79 80 82 92 95 0
2 7 8 13 17 24 25 35 36 39 43 46 54 57 59 65 79 82 86 99 0
3 6 10 17 18 19 25 29 30 39 43 44 46 47 48 55 59 60 67 68 70 75 77 79 80 84 87 92 95 0
3 6 7 10 14 17 19 23 30 32 33 38 50 51 52 57 59 60 68 71 80 81 82 83 87 96 100 0
8 14 22 25 32 35 40 41 43 47 52 56 57 59 62 63 71 73 76 77 79 80 81 86 88 90 97 0
5 9 10 15 17 36 39 49 52 54 58 59 64 72 74 78 96 0
1 4 6 8 9 12 15 17 26 39 40 41 43 47 53 59 64 68 69 70 75 86 98 100 0
4 9 11 14 28 33 36 37 51 52 58 60 64 65 66 74 78 80 81 82 84 88 90 98 100 0
2 7 9 19 22 24 25 27 36 42 52 57 61 66 69 71 72 74 76 77 83 91 93 0
2 9 22 39 53 54 55 61 66 81 84 92 0
1 9 19 25 27 33 34 40 42 55 56 57 58 63 67 74 76 83 85 94 95 99 0
3 5 14 17 18 19 23 36 37 43 47 49 52 60 62 63 65 69 71 76 79 85 89 98 0
5 18 19 35 45 46 66 70 76 80 91 94 95 0
