10 10 6
0000000000
0000000000
0000000000
0000000000
0000000000
1100000111
0010100000
0011100010
0010101110
0111000000

0000000000
0000000000
0000000000
0000000000
0000000000
0011100101
0100111100
1000111000
0011100000
0100000000

0000000000
0000000000
0000000000
0000000000
0000000000
0100010000
0000000001
0000000110
0001101100
0010010000

0000000000
0000000000
0000000000
0000000000
0000000000
1100001000
0110111111
0100000000
0010100000
1000100000

0000000000
0000000000
0000000000
0000000000
0000000000
1011010000
1000110001
0000011101
0111000011
0000000100

0000000000
0000000000
0000000000
0000000000
0000000000
1010001010
0101000000
0111011010
0000010011
0101011011
