200
13 100 51 91
285 197 14 183 902 143 714 193 102 662 907 117 751 853 307 412 277 11 797 130 886 941 185 474 755 613 720 993 592 907 7 184 560 598 671 589 55 832 925 977 20 284 890 177 590 935 367 348 109 161 831 785 875 693 454 545 326 242 614 725 296 581 902 937 410 76 749 819 747 216 279 179 571 745 646 624 19 678 673 90 833 760 355 902 602 252 755 72 378 196 292 110 60 975 53 433 334 928 782 837 912 685 399 64 592 649 930 386 568 61 294 199 916 329 184 281 217 433 780 780 530 322 871 944 221 350 861 444 311 812 155 163 63 707 599 496 931 184 503 855 29 484 682 342 316 47 22 850 597 687 719 836 109 807 7 612 398 639 574 192 518 613 142 764 471 574 539 50 220 654 690 837 356 29 295 987 446 434 47 468 589 323 746 736 622 778 207 284 353 126 260 701 730 778 417 66 50 514 713 596 
186 79
45 50
114 69
77 84
123 70
111 27
131 43
149 88
150 61
179 12
19 154
94 160
127 130
178 77
128 193
73 34
77 48
2 127
168 169
30 18
127 183
74 91
31 66
30 88
181 141
162 44
37 74
194 91
69 56
41 164
182 99
184 4
19 80
168 21
188 4
78 6
100 163
120 169
148 50
129 65
42 152
192 173
180 115
130 149
198 28
71 15
167 122
56 190
6 21
13 180
166 89
93 194
82 29
143 66
138 5
129 190
75 130
16 3
92 53
57 24
160 62
88 99
144 106
133 141
161 198
165 108
134 87
108 46
100 143
80 34
165 88
73 169
93 165
47 142
74 81
146 48
31 186
161 127
86 147
46 48
10 96
165 64
145 104
135 151
180 200
165 62
58 144
171 153
108 122
115 124
157 60
181 137
111 55
1 5
80 101
14 113
181 115
110 87
157 166
80 183
118 74
13 97
199 153
115 189
90 7
36 164
8 5
4 24
3 162
177 128
31 162
196 182
120 126
4 153
109 107
39 138
91 133
84 175
165 66
159 146
36 49
55 168
74 172
85 185
126 193
89 169
197 91
23 24
128 96
158 162
177 63
15 131
43 122
107 129
53 14
88 98
189 153
164 185
122 56
54 179
9 35
85 115
82 36
29 38
14 176
81 104
54 150
188 25
198 54
26 37
42 96
132 94
131 110
115 112
125 101
72 160
35 81
7 105
31 33
49 1
187 12
135 97
19 68
37 144
102 105
56 173
22 189
148 132
47 61
170 79
92 70
79 105
67 186
55 136
107 119
113 55
44 174
17 164
146 147
76 168
189 117
82 95
16 139
99 195
83 188
140 53
51 97
52 178
20 84
121 87
53 11
169 116
32 19
40 70
156 120
119 103
155 156
114 59
49 191
